testname1.jpg 4.8567 4.8567 4.8567 4.8566 4.8566 4.8566 4.8566 4.8566 4.8566 4.8566 4.8566
testname2.jpg 4.8570 4.8569 4.8568 4.8568 4.8567 4.8567 4.8567 4.8567 4.8567 4.8567 4.8567
testname3.jpg 4.8683 4.8673 4.8664 4.8658 4.8654 4.8650 4.8646 4.8644 4.8642 4.8642 4.8641
testname4.jpg 4.8689 4.8689 4.8689 4.8689 4.8690 4.8690 4.8691 4.8692 4.8692 4.8693 4.8693
testname5.jpg 4.8690 4.8690 4.8690 4.8690 4.8689 4.8689 4.8689 4.8689 4.8689 4.8689 4.8689
testname6.jpg 4.8602 4.8598 4.8594 4.8591 4.8589 4.8588 4.8588 4.8588 4.8587 4.8587 4.8587
testname7.jpg 4.8410 4.8407 4.8405 4.8403 4.8402 4.8402 4.8402 4.8402 4.8402 4.8403 4.8404
testname8.jpg 4.8484 4.8484 4.8484 4.8484 4.8484 4.8484 4.8484 4.8483 4.8483 4.8483 4.8483
testname9.jpg 4.8541 4.8541 4.8540 4.8538 4.8534 4.8531 4.8529 4.8528 4.8527 4.8526 4.8525
testname10.jpg 4.8623 4.8622 4.8618 4.8611 4.8604 4.8601 4.8599 4.8599 4.8600 4.8601 4.8602
testname11.jpg 5.3321 5.3321 5.3320 5.3320 5.3319 5.3319 5.3319 5.3318 5.3318 5.3317 5.3317
testname12.jpg 5.3297 5.3296 5.3296 5.3295 5.3295 5.3295 5.3295 5.3295 5.3296 5.3296 5.3296
testname13.jpg 5.3974 5.3601 5.3473 5.3422 5.3390 5.3370 5.3361 5.3357 5.3355 5.3353 5.3349
testname14.jpg 5.3269 5.3252 5.3242 5.3237 5.3234 5.3231 5.3230 5.3230 5.3231 5.3232 5.3232
testname15.jpg 5.3385 5.3383 5.3382 5.3381 5.3380 5.3380 5.3379 5.3379 5.3379 5.3379 5.3379
testname16.jpg 5.3362 5.3361 5.3361 5.3361 5.3360 5.3360 5.3360 5.3360 5.3360 5.3361 5.3361
testname17.jpg 5.3596 5.3595 5.3594 5.3594 5.3593 5.3593 5.3593 5.3593 5.3593 5.3593 5.3593
testname18.jpg 5.3670 5.3661 5.3653 5.3646 5.3643 5.3643 5.3643 5.3637 5.3629 5.3623 5.3620
testname19.jpg 7.0005 7.0004 7.0004 7.0004 7.0003 7.0003 7.0003 7.0003 7.0003 7.0003 7.0003
testname20.jpg 6.9892 6.9893 6.9893 6.9894 6.9894 6.9895 6.9896 6.9897 6.9897 6.9898 6.9899
testname21.jpg 6.9926 6.9925 6.9925 6.9925 6.9924 6.9924 6.9924 6.9924 6.9924 6.9924 6.9924
testname22.jpg 6.9847 6.9847 6.9847 6.9847 6.9847 6.9847 6.9847 6.9846 6.9846 6.9846 6.9846
testname23.jpg 6.9840 6.9838 6.9836 6.9833 6.9830 6.9827 6.9826 6.9825 6.9825 6.9826 6.9827
testname24.jpg 6.9825 6.9824 6.9823 6.9822 6.9822 6.9821 6.9821 6.9820 6.9819 6.9819 6.9819
testname25.jpg 6.9845 6.9844 6.9841 6.9839 6.9838 6.9838 6.9838 6.9837 6.9836 6.9836 6.9836
testname26.jpg 6.9841 6.9841 6.9841 6.9841 6.9841 6.9841 6.9841 6.9841 6.9841 6.9841 6.9841
testname27.jpg 6.9808 6.9813 6.9816 6.9817 6.9817 6.9817 6.9817 6.9817 6.9816 6.9816 6.9816
testname28.jpg 5.8792 5.8791 5.8792 5.8793 5.8794 5.8794 5.8793 5.8793 5.8793 5.8792 5.8792
testname29.jpg 5.8732 5.8731 5.8731 5.8731 5.8731 5.8731 5.8731 5.8731 5.8731 5.8731 5.8731
testname30.jpg 5.8878 5.8878 5.8879 5.8879 5.8879 5.8879 5.8879 5.8879 5.8879 5.8879 5.8878
testname31.jpg 5.8797 5.8797 5.8797 5.8797 5.8797 5.8797 5.8797 5.8797 5.8797 5.8797 5.8797
testname32.jpg 5.8777 5.8776 5.8776 5.8776 5.8775 5.8775 5.8774 5.8774 5.8774 5.8773 5.8773
testname33.jpg 5.5909 5.5909 5.5909 5.5909 5.5909 5.5909 5.5909 5.5909 5.5910 5.5910 5.5910
testname34.jpg 5.5964 5.5964 5.5964 5.5964 5.5964 5.5964 5.5964 5.5964 5.5964 5.5964 5.5964
testname35.jpg 5.5928 5.5927 5.5927 5.5927 5.5926 5.5926 5.5926 5.5926 5.5925 5.5925 5.5925
testname36.jpg 5.5872 5.5870 5.5868 5.5867 5.5866 5.5865 5.5865 5.5865 5.5866 5.5866 5.5866
testname37.jpg 5.5855 5.5853 5.5851 5.5851 5.5850 5.5851 5.5851 5.5852 5.5852 5.5852 5.5852
testname38.jpg 5.5881 5.5878 5.5875 5.5873 5.5873 5.5873 5.5872 5.5872 5.5872 5.5872 5.5871
testname39.jpg 5.5869 5.5870 5.5870 5.5870 5.5870 5.5870 5.5870 5.5870 5.5870 5.5871 5.5871
testname40.jpg 5.5951 5.5952 5.5951 5.5949 5.5946 5.5943 5.5940 5.5939 5.5938 5.5937 5.5936
testname41.jpg 5.5920 5.5912 5.5906 5.5902 5.5900 5.5899 5.5899 5.5899 5.5898 5.5898 5.5898
testname42.jpg 5.5966 5.5968 5.5968 5.5969 5.5969 5.5969 5.5968 5.5967 5.5966 5.5965 5.5964
testname43.jpg 5.4508 5.4507 5.4507 5.4507 5.4506 5.4506 5.4506 5.4506 5.4505 5.4505 5.4505
testname44.jpg 5.4509 5.4509 5.4509 5.4509 5.4509 5.4509 5.4509 5.4510 5.4510 5.4510 5.4510
testname45.jpg 5.4416 5.4414 5.4411 5.4409 5.4408 5.4407 5.4407 5.4407 5.4407 5.4407 5.4407
testname46.jpg 5.4464 5.4460 5.4459 5.4459 5.4458 5.4456 5.4454 5.4452 5.4450 5.4450 5.4449
testname47.jpg 5.4508 5.4505 5.4501 5.4496 5.4493 5.4491 5.4489 5.4488 5.4487 5.4487 5.4487
testname48.jpg 5.4482 5.4479 5.4476 5.4475 5.4474 5.4473 5.4473 5.4473 5.4474 5.4474 5.4474
testname49.jpg 5.4350 5.4350 5.4350 5.4350 5.4349 5.4349 5.4349 5.4349 5.4348 5.4348 5.4348
testname50.jpg 5.4505 5.4505 5.4505 5.4505 5.4505 5.4505 5.4505 5.4505 5.4504 5.4504 5.4504
testname51.jpg 5.4494 5.4494 5.4494 5.4493 5.4493 5.4493 5.4493 5.4493 5.4493 5.4492 5.4492
testname52.jpg 4.9155 4.9155 4.9155 4.9155 4.9155 4.9155 4.9156 4.9156 4.9156 4.9156 4.9156
testname53.jpg 4.9142 4.9142 4.9142 4.9142 4.9142 4.9142 4.9142 4.9142 4.9142 4.9142 4.9142
testname54.jpg 4.9142 4.9142 4.9142 4.9142 4.9142 4.9142 4.9142 4.9142 4.9142 4.9142 4.9142
testname55.jpg 4.9138 4.9138 4.9138 4.9138 4.9138 4.9138 4.9138 4.9138 4.9138 4.9138 4.9138
testname56.jpg 4.9139 4.9138 4.9138 4.9138 4.9138 4.9137 4.9137 4.9137 4.9137 4.9137 4.9137
testname57.jpg 4.9113 4.9118 4.9123 4.9127 4.9130 4.9132 4.9134 4.9135 4.9135 4.9135 4.9135
testname58.jpg 4.9146 4.9145 4.9144 4.9143 4.9142 4.9141 4.9139 4.9138 4.9138 4.9137 4.9137
testname59.jpg 4.9129 4.9129 4.9129 4.9129 4.9128 4.9128 4.9128 4.9128 4.9128 4.9128 4.9128
testname60.jpg 4.9942 4.9941 4.9941 4.9941 4.9942 4.9944 4.9945 4.9946 4.9947 4.9947 4.9948
testname61.jpg 4.9945 4.9945 4.9945 4.9945 4.9945 4.9945 4.9945 4.9945 4.9945 4.9944 4.9944
testname62.jpg 4.9940 4.9941 4.9941 4.9941 4.9941 4.9941 4.9941 4.9941 4.9941 4.9941 4.9941
testname63.jpg 4.9952 4.9951 4.9949 4.9948 4.9947 4.9946 4.9946 4.9946 4.9946 4.9946 4.9946
testname64.jpg 4.9950 4.9950 4.9948 4.9947 4.9947 4.9948 4.9950 4.9951 4.9951 4.9952 4.9952
testname65.jpg 4.9949 4.9947 4.9946 4.9945 4.9944 4.9943 4.9943 4.9943 4.9943 4.9943 4.9943
testname66.jpg 4.9932 4.9931 4.9931 4.9931 4.9932 4.9932 4.9932 4.9932 4.9932 4.9932 4.9932
testname67.jpg 4.9941 4.9941 4.9941 4.9941 4.9941 4.9941 4.9941 4.9941 4.9941 4.9941 4.9941
testname68.jpg 5.4400 5.4400 5.4400 5.4400 5.4400 5.4400 5.4400 5.4400 5.4400 5.4400 5.4400
testname69.jpg 5.4392 5.4391 5.4391 5.4391 5.4392 5.4393 5.4393 5.4394 5.4394 5.4394 5.4394
testname70.jpg 5.4400 5.4398 5.4396 5.4393 5.4392 5.4391 5.4390 5.4390 5.4390 5.4391 5.4392
testname71.jpg 5.4393 5.4393 5.4393 5.4393 5.4393 5.4393 5.4394 5.4394 5.4394 5.4395 5.4395
testname72.jpg 5.4398 5.4397 5.4397 5.4397 5.4397 5.4397 5.4397 5.4397 5.4397 5.4397 5.4397
testname73.jpg 5.4404 5.4403 5.4402 5.4401 5.4401 5.4401 5.4401 5.4400 5.4399 5.4398 5.4398
testname74.jpg 5.4397 5.4397 5.4397 5.4397 5.4396 5.4396 5.4396 5.4396 5.4396 5.4396 5.4396
testname75.jpg 5.4390 5.4390 5.4390 5.4390 5.4390 5.4391 5.4391 5.4391 5.4391 5.4391 5.4391
testname76.jpg 5.4397 5.4398 5.4398 5.4398 5.4398 5.4397 5.4397 5.4397 5.4396 5.4396 5.4395
testname77.jpg 3.9198 3.9198 3.9198 3.9198 3.9197 3.9197 3.9197 3.9196 3.9196 3.9196 3.9195
testname78.jpg 3.9191 3.9191 3.9191 3.9190 3.9190 3.9189 3.9189 3.9189 3.9189 3.9189 3.9189
testname79.jpg 3.9184 3.9184 3.9184 3.9184 3.9184 3.9184 3.9184 3.9184 3.9184 3.9184 3.9184
testname80.jpg 3.9170 3.9171 3.9171 3.9171 3.9171 3.9172 3.9172 3.9172 3.9172 3.9172 3.9172
testname81.jpg 3.9168 3.9168 3.9168 3.9168 3.9168 3.9169 3.9169 3.9170 3.9170 3.9171 3.9171
testname82.jpg 3.9184 3.9183 3.9183 3.9182 3.9181 3.9181 3.9180 3.9180 3.9180 3.9179 3.9179
testname83.jpg 3.9180 3.9180 3.9180 3.9180 3.9180 3.9180 3.9180 3.9180 3.9180 3.9180 3.9180
testname84.jpg 3.9174 3.9174 3.9173 3.9173 3.9173 3.9173 3.9173 3.9173 3.9173 3.9173 3.9173
testname85.jpg 3.9177 3.9177 3.9177 3.9176 3.9176 3.9176 3.9176 3.9175 3.9175 3.9175 3.9175
testname86.jpg 3.9171 3.9170 3.9170 3.9171 3.9172 3.9172 3.9173 3.9173 3.9174 3.9174 3.9174
testname87.jpg 3.9169 3.9169 3.9168 3.9168 3.9168 3.9168 3.9168 3.9168 3.9168 3.9168 3.9168
testname88.jpg 3.9162 3.9162 3.9162 3.9163 3.9163 3.9163 3.9163 3.9163 3.9164 3.9164 3.9164
testname89.jpg 3.9154 3.9154 3.9153 3.9153 3.9152 3.9152 3.9151 3.9150 3.9150 3.9149 3.9149
testname90.jpg 3.9162 3.9162 3.9162 3.9162 3.9162 3.9162 3.9162 3.9162 3.9162 3.9162 3.9162
testname91.jpg 3.9168 3.9167 3.9165 3.9165 3.9164 3.9163 3.9163 3.9163 3.9163 3.9162 3.9162
testname92.jpg 3.9149 3.9149 3.9149 3.9149 3.9149 3.9150 3.9150 3.9151 3.9151 3.9151 3.9151
testname93.jpg 3.9141 3.9141 3.9141 3.9141 3.9141 3.9142 3.9142 3.9142 3.9143 3.9143 3.9143
testname94.jpg 3.9150 3.9150 3.9150 3.9149 3.9149 3.9149 3.9149 3.9149 3.9149 3.9149 3.9149
testname95.jpg 3.9147 3.9147 3.9147 3.9147 3.9147 3.9147 3.9147 3.9147 3.9147 3.9146 3.9146
testname96.jpg 5.0157 5.0157 5.0156 5.0156 5.0155 5.0154 5.0154 5.0153 5.0153 5.0153 5.0153
testname97.jpg 5.0158 5.0158 5.0158 5.0158 5.0157 5.0157 5.0157 5.0157 5.0157 5.0157 5.0157
testname98.jpg 5.0149 5.0149 5.0149 5.0149 5.0150 5.0150 5.0150 5.0150 5.0151 5.0151 5.0152
testname99.jpg 5.0159 5.0159 5.0159 5.0159 5.0159 5.0159 5.0159 5.0159 5.0159 5.0159 5.0159
testname100.jpg 5.0151 5.0150 5.0150 5.0149 5.0149 5.0149 5.0149 5.0149 5.0149 5.0149 5.0149
testname101.jpg 5.0151 5.0151 5.0151 5.0151 5.0151 5.0151 5.0151 5.0151 5.0151 5.0151 5.0151
testname102.jpg 5.0154 5.0153 5.0153 5.0153 5.0153 5.0153 5.0153 5.0153 5.0153 5.0153 5.0153
testname103.jpg 5.0142 5.0142 5.0142 5.0141 5.0141 5.0141 5.0141 5.0141 5.0142 5.0142 5.0142
testname104.jpg 5.0150 5.0150 5.0150 5.0150 5.0151 5.0151 5.0151 5.0151 5.0151 5.0151 5.0151
testname105.jpg 5.0151 5.0151 5.0151 5.0151 5.0151 5.0151 5.0151 5.0151 5.0151 5.0151 5.0150
testname106.jpg 5.0146 5.0145 5.0144 5.0143 5.0143 5.0142 5.0142 5.0142 5.0142 5.0142 5.0142
testname107.jpg 5.0146 5.0146 5.0146 5.0146 5.0146 5.0146 5.0146 5.0146 5.0146 5.0147 5.0147
testname108.jpg 5.0128 5.0128 5.0128 5.0128 5.0129 5.0129 5.0129 5.0129 5.0130 5.0130 5.0130
testname109.jpg 5.0138 5.0138 5.0138 5.0138 5.0138 5.0138 5.0138 5.0138 5.0139 5.0139 5.0139
testname110.jpg 5.0136 5.0136 5.0136 5.0136 5.0136 5.0136 5.0136 5.0136 5.0136 5.0136 5.0136
testname111.jpg 5.0136 5.0136 5.0136 5.0136 5.0136 5.0136 5.0136 5.0136 5.0136 5.0136 5.0136
testname112.jpg 5.0124 5.0123 5.0123 5.0123 5.0123 5.0122 5.0122 5.0122 5.0122 5.0122 5.0123
testname113.jpg 5.0111 5.0111 5.0111 5.0111 5.0111 5.0111 5.0111 5.0111 5.0111 5.0111 5.0111
testname114.jpg 5.0122 5.0122 5.0122 5.0121 5.0121 5.0121 5.0121 5.0121 5.0121 5.0121 5.0121
testname115.jpg 5.0092 5.0092 5.0092 5.0092 5.0092 5.0093 5.0094 5.0095 5.0095 5.0096 5.0097
testname116.jpg 5.0101 5.0101 5.0101 5.0101 5.0101 5.0101 5.0101 5.0101 5.0101 5.0101 5.0101
testname117.jpg 5.0102 5.0102 5.0102 5.0102 5.0102 5.0102 5.0102 5.0102 5.0102 5.0102 5.0102
testname118.jpg 5.0104 5.0104 5.0104 5.0104 5.0104 5.0104 5.0104 5.0104 5.0104 5.0104 5.0104
testname119.jpg 5.0038 5.0038 5.0038 5.0038 5.0039 5.0039 5.0039 5.0039 5.0039 5.0039 5.0039
testname120.jpg 5.0024 5.0024 5.0024 5.0023 5.0023 5.0023 5.0023 5.0023 5.0023 5.0023 5.0023
testname121.jpg 5.0022 5.0022 5.0022 5.0022 5.0022 5.0022 5.0022 5.0022 5.0021 5.0021 5.0021
testname122.jpg 5.0013 5.0013 5.0013 5.0012 5.0012 5.0012 5.0011 5.0011 5.0011 5.0011 5.0011
testname123.jpg 5.0006 5.0006 5.0006 5.0005 5.0005 5.0005 5.0004 5.0004 5.0004 5.0004 5.0004
testname124.jpg 5.0003 5.0003 5.0003 5.0003 5.0003 5.0003 5.0003 5.0004 5.0004 5.0004 5.0004
testname125.jpg 4.9990 4.9989 4.9989 4.9989 4.9989 4.9989 4.9989 4.9989 4.9989 4.9989 4.9989
testname126.jpg 5.5468 5.5468 5.5468 5.5468 5.5468 5.5468 5.5468 5.5468 5.5468 5.5468 5.5468
testname127.jpg 5.5462 5.5462 5.5463 5.5464 5.5464 5.5465 5.5465 5.5466 5.5467 5.5467 5.5468
testname128.jpg 5.5472 5.5472 5.5472 5.5472 5.5472 5.5472 5.5472 5.5472 5.5472 5.5472 5.5472
testname129.jpg 5.5470 5.5470 5.5470 5.5470 5.5470 5.5470 5.5470 5.5470 5.5470 5.5470 5.5470
testname130.jpg 5.5462 5.5462 5.5462 5.5462 5.5462 5.5462 5.5462 5.5462 5.5462 5.5462 5.5462
testname131.jpg 5.5456 5.5456 5.5456 5.5456 5.5456 5.5456 5.5456 5.5457 5.5457 5.5457 5.5457
testname132.jpg 5.5449 5.5449 5.5449 5.5449 5.5450 5.5450 5.5451 5.5451 5.5452 5.5453 5.5453
testname133.jpg 5.5457 5.5457 5.5457 5.5457 5.5457 5.5457 5.5457 5.5458 5.5458 5.5458 5.5457
testname134.jpg 5.5451 5.5451 5.5451 5.5451 5.5451 5.5451 5.5452 5.5452 5.5452 5.5452 5.5452
testname135.jpg 5.5439 5.5439 5.5439 5.5439 5.5438 5.5438 5.5438 5.5438 5.5438 5.5438 5.5438
testname136.jpg 5.5449 5.5447 5.5445 5.5444 5.5443 5.5442 5.5441 5.5440 5.5439 5.5439 5.5438
testname137.jpg 5.5411 5.5411 5.5412 5.5413 5.5414 5.5416 5.5418 5.5420 5.5422 5.5424 5.5426
testname138.jpg 5.5436 5.5438 5.5440 5.5441 5.5442 5.5443 5.5444 5.5444 5.5444 5.5444 5.5443
testname139.jpg 5.5444 5.5443 5.5443 5.5442 5.5442 5.5442 5.5441 5.5441 5.5441 5.5440 5.5440
testname140.jpg 5.5441 5.5442 5.5442 5.5442 5.5442 5.5442 5.5442 5.5442 5.5442 5.5442 5.5443
testname141.jpg 5.5449 5.5449 5.5448 5.5447 5.5446 5.5445 5.5444 5.5444 5.5443 5.5442 5.5442
testname142.jpg 5.5434 5.5434 5.5434 5.5434 5.5434 5.5435 5.5435 5.5435 5.5436 5.5436 5.5436
testname143.jpg 5.2424 5.5434 5.5434 5.5434 5.5434 5.5434 5.5434 5.5434 5.5434 5.5434 5.5434
testname144.jpg 5.5422 5.5421 5.5420 5.5420 5.5420 5.5420 5.5420 5.5420 5.5420 5.5420 5.5420
testname145.jpg 4.6638 4.6638 4.6638 4.6638 4.6638 4.6638 4.6638 4.6638 4.6639 4.6639 4.6639
testname146.jpg 4.6646 4.6646 4.6645 4.6644 4.6644 4.6643 4.6642 4.6642 4.6641 4.6640 4.6640
testname147.jpg 4.6635 4.6635 4.6634 4.6634 4.6634 4.6634 4.6634 4.6634 4.6634 4.6633 4.6633
testname148.jpg 4.6628 4.6628 4.6628 4.6628 4.6628 4.6628 4.6628 4.6628 4.6628 4.6628 4.6628
testname149.jpg 4.6635 4.6635 4.6635 4.6635 4.6634 4.6634 4.6634 4.6633 4.6633 4.6633 4.6632
testname150.jpg 4.6622 4.6622 4.6623 4.6623 4.6623 4.6623 4.6623 4.6623 4.6623 4.6623 4.6623
testname151.jpg 4.6623 4.6623 4.6623 4.6623 4.6623 4.6623 4.6622 4.6622 4.6622 4.6622 4.6622
testname152.jpg 5.4823 5.4823 5.4823 5.4823 5.4823 5.4823 5.4823 5.4824 5.4824 5.4824 5.4825
testname153.jpg 5.4825 5.4826 5.4827 5.4827 5.4827 5.4827 5.4827 5.4827 5.4827 5.4827 5.4828
testname154.jpg 5.4811 5.4812 5.4813 5.4813 5.4814 5.4814 5.4815 5.4815 5.4815 5.4815 5.4815
testname155.jpg 5.4810 5.4810 5.4810 5.4810 5.4810 5.4811 5.4812 5.4812 5.4813 5.4814 5.4814
testname156.jpg 5.4816 5.4817 5.4817 5.4817 5.4818 5.4818 5.4818 5.4818 5.4818 5.4818 5.4818
testname157.jpg 5.4824 5.4824 5.4823 5.4823 5.4823 5.4823 5.4823 5.4823 5.4823 5.4823 5.4823
testname158.jpg 5.4810 5.4810 5.4811 5.4812 5.4812 5.4813 5.4813 5.4813 5.4814 5.4814 5.4814
testname159.jpg 5.4772 5.4772 5.4772 5.4772 5.4772 5.4772 5.4772 5.4773 5.4773 5.4773 5.4774
testname160.jpg 5.4762 5.4763 5.4763 5.4764 5.4765 5.4765 5.4766 5.4767 5.4768 5.4769 5.4770
testname161.jpg 5.4753 5.4756 5.4758 5.4760 5.4762 5.4764 5.4765 5.4767 5.4768 5.4769 5.4770
testname162.jpg 5.4771 5.4772 5.4772 5.4772 5.4772 5.4772 5.4772 5.4772 5.4772 5.4772 5.4772
testname163.jpg 5.4965 5.4964 5.4964 5.4964 5.4964 5.4964 5.4964 5.4964 5.4964 5.4964 5.4964
testname164.jpg 5.4983 5.4984 5.4984 5.4984 5.4983 5.4984 5.4984 5.4984 5.4984 5.4984 5.4984
testname165.jpg 5.4971 5.4971 5.4970 5.4969 5.4968 5.4968 5.4968 5.4968 5.4968 5.4968 5.4969
testname166.jpg 5.4988 5.4988 5.4988 5.4988 5.4988 5.4988 5.4988 5.4988 5.4988 5.4988 5.4988
testname167.jpg 5.4981 5.4980 5.4980 5.4980 5.4980 5.4980 5.4980 5.4980 5.4980 5.4980 5.4980
testname168.jpg 5.4982 5.4982 5.4982 5.4982 5.4982 5.4983 5.4983 5.4984 5.4984 5.4984 5.4984
testname169.jpg 5.4944 5.4945 5.4946 5.4946 5.4947 5.4948 5.4949 5.4949 5.4950 5.4950 5.4951
testname170.jpg 5.4949 5.4950 5.4950 5.4951 5.4951 5.4951 5.4951 5.4951 5.4950 5.4950 5.4950
testname171.jpg 5.4947 5.4947 5.4947 5.4947 5.4947 5.4946 5.4946 5.4945 5.4945 5.4944 5.4944
testname172.jpg 5.4937 5.4936 5.4936 5.4935 5.4934 5.4933 5.4932 5.4931 5.4931 5.4931 5.4931
testname173.jpg 5.4891 5.4891 5.4891 5.4891 5.4891 5.4891 5.4891 5.4891 5.4892 5.4893 5.4894
testname174.jpg 5.4921 5.4922 5.4922 5.4923 5.4924 5.4925 5.4925 5.4926 5.4926 5.4927 5.4927
testname175.jpg 5.4931 5.4931 5.4931 5.4931 5.4931 5.4931 5.4931 5.4931 5.4931 5.4931 5.4931
testname176.jpg 5.4904 5.4904 5.4904 5.4903 5.4903 5.4903 5.4903 5.4902 5.4902 5.4902 5.4902
testname177.jpg 5.4878 5.4879 5.4880 5.4881 5.4882 5.4883 5.4884 5.4884 5.4885 5.4886 5.4886
testname178.jpg 5.4899 5.4899 5.4899 5.4899 5.4899 5.4899 5.4899 5.4899 5.4899 5.4899 5.4899
testname179.jpg 5.4884 5.4884 5.4884 5.4884 5.4884 5.4884 5.4885 5.4885 5.4885 5.4885 5.4886
testname180.jpg 5.4879 5.4881 5.4882 5.4883 5.4883 5.4884 5.4884 5.4884 5.4884 5.4884 5.4884
testname181.jpg 5.4873 5.4873 5.4874 5.4874 5.4874 5.4874 5.4875 5.4875 5.4876 5.4876 5.4876
testname182.jpg 5.4873 5.4872 5.4872 5.4872 5.4872 5.4872 5.4872 5.4872 5.4872 5.4872 5.4872
testname183.jpg 5.4882 5.4881 5.4881 5.4881 5.4881 5.4881 5.4881 5.4881 5.4881 5.4881 5.4881
testname184.jpg 5.4868 5.4869 5.4870 5.4870 5.4870 5.4870 5.4870 5.4870 5.4870 5.4870 5.4870
testname185.jpg 5.6236 5.6237 5.6238 5.6240 5.6241 5.6243 5.6245 5.6248 5.6250 5.6252 5.6254
testname186.jpg 5.6268 5.6268 5.6269 5.6269 5.6269 5.6269 5.6270 5.6270 5.6270 5.6270 5.6270
testname187.jpg 5.6264 5.6264 5.6264 5.6264 5.6264 5.6265 5.6265 5.6265 5.6265 5.6265 5.6265
testname188.jpg 5.6259 5.6259 5.6259 5.6259 5.6259 5.6259 5.6259 5.6259 5.6259 5.6259 5.6260
testname189.jpg 5.6235 5.6235 5.6236 5.6236 5.6237 5.6237 5.6237 5.6237 5.6237 5.6237 5.6237
testname190.jpg 5.6244 5.6244 5.6244 5.6244 5.6244 5.6244 5.6243 5.6243 5.6243 5.6243 5.6243
testname191.jpg 5.6234 5.6233 5.6233 5.6233 5.6233 5.6233 5.6233 5.6233 5.6233 5.6233 5.6233
testname192.jpg 5.6232 5.6232 5.6232 5.6232 5.6232 5.6232 5.6232 5.6232 5.6232 5.6232 5.6232
testname193.jpg 5.6201 5.6201 5.6201 5.6201 5.6201 5.6202 5.6203 5.6203 5.6204 5.6205 5.6206
testname194.jpg 5.6215 5.6215 5.6215 5.6215 5.6215 5.6215 5.6215 5.6215 5.6215 5.6215 5.6215
testname195.jpg 5.6211 5.6211 5.6211 5.6211 5.6211 5.6211 5.6211 5.6211 5.6211 5.6211 5.6211
testname196.jpg 5.6184 5.6184 5.6185 5.6185 5.6185 5.6186 5.6186 5.6186 5.6187 5.6187 5.6188
testname197.jpg 5.6189 5.6189 5.6190 5.6190 5.6190 5.6190 5.6191 5.6192 5.6193 5.6193 5.6194
testname198.jpg 5.6200 5.6201 5.6201 5.6201 5.6200 5.6199 5.6197 5.6196 5.6195 5.6195 5.6194
testname199.jpg 5.3545 5.3545 5.3546 5.3546 5.3547 5.3548 5.3548 5.3549 5.3549 5.3550 5.3551
testname200.jpg 5.3523 5.3524 5.3525 5.3527 5.3529 5.3531 5.3532 5.3533 5.3535 5.3536 5.3537
testname201.jpg 5.3535 5.3536 5.3536 5.3537 5.3538 5.3539 5.3540 5.3541 5.3541 5.3542 5.3543
testname202.jpg 5.3546 5.3545 5.3545 5.3545 5.3545 5.3545 5.3545 5.3545 5.3545 5.3545 5.3545
testname203.jpg 5.3545 5.3545 5.3547 5.3548 5.3548 5.3548 5.3548 5.3548 5.3548 5.3547 5.3547
testname204.jpg 5.3535 5.3535 5.3535 5.3534 5.3533 5.3531 5.3530 5.3528 5.3527 5.3526 5.3525
testname205.jpg 5.3550 5.3550 5.3550 5.3550 5.3550 5.3550 5.3551 5.3551 5.3551 5.3552 5.3552
testname206.jpg 5.3538 5.3537 5.3537 5.3536 5.3536 5.3536 5.3537 5.3538 5.3538 5.3539 5.3540
testname207.jpg 5.3553 5.3552 5.3552 5.3551 5.3550 5.3550 5.3549 5.3549 5.3549 5.3549 5.3549
testname208.jpg 5.3545 5.3545 5.3546 5.3546 5.3546 5.3547 5.3547 5.3547 5.3547 5.3548 5.3548
testname209.jpg 5.3535 5.3533 5.3531 5.3530 5.3529 5.3528 5.3525 5.3524 5.3524 5.3524 5.3524
testname210.jpg 5.3543 5.3540 5.3537 5.3535 5.3534 5.3533 5.3533 5.3533 5.3533 5.3533 5.3533
testname211.jpg 5.3540 5.3540 5.3540 5.3539 5.3537 5.3535 5.3534 5.3532 5.3531 5.3529 5.3529
testname212.jpg 5.3534 5.3534 5.3535 5.3535 5.3535 5.3536 5.3537 5.3537 5.3537 5.3537 5.3537
testname213.jpg 5.3527 5.3527 5.3527 5.3527 5.3527 5.3527 5.3528 5.3528 5.3528 5.3528 5.3528
testname214.jpg 5.3491 5.3491 5.3491 5.3491 5.3492 5.3493 5.3495 5.3496 5.3498 5.3499 5.3500
testname215.jpg 5.3480 5.3482 5.3484 5.3486 5.3488 5.3490 5.3491 5.3493 5.3494 5.3495 5.3495
testname216.jpg 5.3482 5.3482 5.3483 5.3486 5.3489 5.3491 5.3493 5.3492 5.3490 5.3487 5.3483
testname217.jpg 5.3482 5.3481 5.3479 5.3478 5.3476 5.3474 5.3473 5.3472 5.3471 5.3470 5.3470
testname218.jpg 4.8106 4.8106 4.8106 4.8107 4.8107 4.8107 4.8108 4.8108 4.8108 4.8109 4.8109
testname219.jpg 4.8128 4.8128 4.8126 4.8123 4.8120 4.8118 4.8115 4.8113 4.8111 4.8110 4.8109
testname220.jpg 4.8109 4.8110 4.8112 4.8113 4.8115 4.8116 4.8116 4.8116 4.8115 4.8113 4.8112
testname221.jpg 4.8113 4.8112 4.8112 4.8111 4.8111 4.8111 4.8111 4.8111 4.8111 4.8112 4.8112
testname222.jpg 4.8113 4.8113 4.8111 4.8110 4.8108 4.8107 4.8106 4.8106 4.8106 4.8106 4.8107
testname223.jpg 4.8107 4.8106 4.8104 4.8102 4.8101 4.8100 4.8099 4.8099 4.8099 4.8099 4.8099
testname224.jpg 4.8094 4.8095 4.8094 4.8092 4.8090 4.8088 4.8086 4.8084 4.8083 4.8083 4.8082
testname225.jpg 4.8100 4.8100 4.8101 4.8102 4.8103 4.8103 4.8104 4.8105 4.8105 4.8105 4.8106
testname226.jpg 4.8096 4.8097 4.8097 4.8097 4.8097 4.8098 4.8098 4.8098 4.8098 4.8099 4.8099
testname227.jpg 4.8104 4.8105 4.8105 4.8105 4.8105 4.8105 4.8105 4.8105 4.8105 4.8105 4.8105
testname228.jpg 4.8095 4.8095 4.8095 4.8095 4.8095 4.8095 4.8095 4.8096 4.8096 4.8096 4.8096
testname229.jpg 4.8091 4.8091 4.8091 4.8091 4.8092 4.8092 4.8093 4.8093 4.8093 4.8094 4.8094
testname230.jpg 4.8067 4.8066 4.8066 4.8065 4.8065 4.8065 4.8065 4.8065 4.8066 4.8066 4.8067
testname231.jpg 4.8091 4.8092 4.8092 4.8092 4.8093 4.8093 4.8093 4.8093 4.8093 4.8093 4.8093
testname232.jpg 4.8088 4.8088 4.8088 4.8088 4.8088 4.8088 4.8088 4.8088 4.8088 4.8088 4.8088
testname233.jpg 4.8059 4.8060 4.8060 4.8061 4.8061 4.8061 4.8060 4.8060 4.8059 4.8059 4.8059
testname234.jpg 4.8080 4.8080 4.8080 4.8080 4.8080 4.8080 4.8080 4.8080 4.8080 4.8080 4.8080
testname235.jpg 4.6952 4.6952 4.6952 4.6951 4.6951 4.6951 4.6951 4.6951 4.6951 4.6951 4.6951
testname236.jpg 4.6949 4.6949 4.6949 4.6948 4.6947 4.6947 4.6946 4.6946 4.6946 4.6946 4.6946
testname237.jpg 4.6949 4.6949 4.6949 4.6949 4.6949 4.6949 4.6949 4.6949 4.6949 4.6949 4.6950
testname238.jpg 4.6935 4.6935 4.6935 4.6935 4.6935 4.6935 4.6935 4.6935 4.6935 4.6935 4.6936
testname239.jpg 4.6949 4.6950 4.6950 4.6950 4.6950 4.6949 4.6948 4.6947 4.6946 4.6945 4.6944
testname240.jpg 4.6926 4.6926 4.6925 4.6925 4.6924 4.6924 4.6924 4.6924 4.6924 4.6924 4.6925
testname241.jpg 4.6945 4.6945 4.6945 4.6945 4.6944 4.6944 4.6944 4.6944 4.6944 4.6944 4.6944
testname242.jpg 4.6945 4.6945 4.6945 4.6945 4.6945 4.6945 4.6945 4.6945 4.6945 4.6945 4.6945
testname243.jpg 4.6939 4.6939 4.6939 4.6939 4.6939 4.6939 4.6939 4.6940 4.6940 4.6940 4.6940
testname244.jpg 4.6918 4.6919 4.6920 4.6920 4.6921 4.6923 4.6924 4.6925 4.6926 4.6927 4.6929
testname245.jpg 5.8266 5.8266 5.8266 5.8266 5.8265 5.8265 5.8265 5.8265 5.8265 5.8264 5.8264
testname246.jpg 5.8248 5.8249 5.8249 5.8250 5.8251 5.8251 5.8251 5.8251 5.8251 5.8251 5.8251
testname247.jpg 5.8249 5.8249 5.8248 5.8248 5.8247 5.8247 5.8247 5.8247 5.8247 5.8246 5.8245
testname248.jpg 5.8265 5.8265 5.8265 5.8266 5.8267 5.8267 5.8268 5.8268 5.8269 5.8269 5.8269
testname249.jpg 5.8278 5.8279 5.8280 5.8281 5.8281 5.8281 5.8280 5.8279 5.8277 5.8276 5.8275
testname250.jpg 5.8273 5.8274 5.8274 5.8274 5.8273 5.8272 5.8271 5.8270 5.8269 5.8269 5.8268
testname251.jpg 5.8273 5.8272 5.8272 5.8271 5.8271 5.8271 5.8271 5.8271 5.8271 5.8271 5.8271
testname252.jpg 5.8267 5.8266 5.8266 5.8266 5.8266 5.8266 5.8266 5.8266 5.8266 5.8266 5.8265
testname253.jpg 5.8269 5.8268 5.8267 5.8266 5.8265 5.8265 5.8265 5.8264 5.8264 5.8264 5.8264
testname254.jpg 5.8246 5.8248 5.8250 5.8251 5.8253 5.8254 5.8255 5.8255 5.8256 5.8257 5.8258
testname255.jpg 5.5001 5.5002 5.5002 5.5003 5.5003 5.5004 5.5004 5.5004 5.5005 5.5005 5.5005
testname256.jpg 5.5004 5.5004 5.5004 5.5004 5.5004 5.5004 5.5004 5.5004 5.5004 5.5004 5.5004
testname257.jpg 5.4964 5.4965 5.4966 5.4967 5.4968 5.4969 5.4970 5.4971 5.4972 5.4973 5.4974
testname258.jpg 5.4979 5.4978 5.4978 5.4978 5.4977 5.4977 5.4977 5.4978 5.4978 5.4978 5.4978
testname259.jpg 5.4970 5.4970 5.4970 5.4970 5.4970 5.4970 5.4970 5.4970 5.4970 5.4970 5.4970
testname260.jpg 5.4968 5.4968 5.4967 5.4967 5.4967 5.4966 5.4966 5.4966 5.4965 5.4965 5.4965
testname261.jpg 5.4958 5.4957 5.4956 5.4955 5.4954 5.4954 5.4953 5.4953 5.4952 5.4952 5.4952
testname262.jpg 4.8993 4.8993 4.8994 4.8995 4.8996 4.8997 4.8998 4.8998 4.8998 4.8998 4.8998
testname263.jpg 4.8979 4.8978 4.8977 4.8977 4.8976 4.8976 4.8975 4.8975 4.8975 4.8975 4.8975
testname264.jpg 4.9005 4.9005 4.9004 4.9004 4.9004 4.9005 4.9005 4.9006 4.9007 4.9007 4.9008
testname265.jpg 4.9002 4.9002 4.9002 4.9002 4.9002 4.9001 4.9000 4.9000 4.8999 4.8998 4.8997
testname266.jpg 4.9017 4.9016 4.9014 4.9013 4.9013 4.9012 4.9012 4.9012 4.9012 4.9012 4.9011
testname267.jpg 4.8989 4.8991 4.8992 4.8994 4.8996 4.8997 4.8999 4.9001 4.9003 4.9004 4.9005
testname268.jpg 4.8995 4.8995 4.8996 4.8997 4.8997 4.8998 4.8999 4.8999 4.8999 4.8999 4.8999
testname269.jpg 4.8981 4.8981 4.8980 4.8980 4.8980 4.8981 4.8982 4.8982 4.8983 4.8983 4.8984
testname270.jpg 4.8996 4.8995 4.8993 4.8992 4.8991 4.8990 4.8989 4.8989 4.8988 4.8988 4.8987
testname271.jpg 4.8989 4.8989 4.8989 4.8989 4.8990 4.8990 4.8990 4.8991 4.8991 4.8992 4.8992
testname272.jpg 4.8984 4.8984 4.8984 4.8984 4.8985 4.8985 4.8986 4.8986 4.8987 4.8987 4.8988
testname273.jpg 4.9004 4.9005 4.9006 4.9006 4.9007 4.9007 4.9008 4.9008 4.9009 4.9009 4.9009
testname274.jpg 5.1209 5.1209 5.1209 5.1209 5.1209 5.1209 5.1209 5.1209 5.1209 5.1209 5.1209
testname275.jpg 5.1205 5.1205 5.1205 5.1205 5.1205 5.1205 5.1204 5.1204 5.1204 5.1204 5.1204
testname276.jpg 5.1200 5.1199 5.1198 5.1197 5.1196 5.1196 5.1195 5.1195 5.1194 5.1194 5.1194
testname277.jpg 5.1184 5.1184 5.1184 5.1184 5.1183 5.1183 5.1183 5.1183 5.1183 5.1183 5.1182
testname278.jpg 5.1191 5.1193 5.1194 5.1194 5.1193 5.1191 5.1190 5.1189 5.1188 5.1187 5.1187
testname279.jpg 5.1173 5.1173 5.1173 5.1173 5.1174 5.1174 5.1174 5.1174 5.1174 5.1174 5.1174
testname280.jpg 5.1177 5.1177 5.1177 5.1177 5.1177 5.1177 5.1177 5.1177 5.1177 5.1177 5.1177
testname281.jpg 5.1165 5.1165 5.1165 5.1165 5.1165 5.1165 5.1165 5.1165 5.1165 5.1165 5.1164
testname282.jpg 5.1160 5.1162 5.1163 5.1165 5.1166 5.1166 5.1166 5.1166 5.1165 5.1163 5.1162
testname283.jpg 5.1155 5.1153 5.1152 5.1151 5.1150 5.1150 5.1149 5.1149 5.1149 5.1149 5.1149
testname284.jpg 5.1154 5.1154 5.1154 5.1153 5.1151 5.1149 5.1147 5.1145 5.1143 5.1141 5.1140
testname285.jpg 5.1143 5.1142 5.1141 5.1141 5.1140 5.1139 5.1138 5.1137 5.1137 5.1136 5.1136
testname286.jpg 5.1127 5.1128 5.1129 5.1129 5.1129 5.1129 5.1129 5.1129 5.1129 5.1129 5.1129
testname287.jpg 5.1132 5.1132 5.1132 5.1132 5.1132 5.1132 5.1132 5.1132 5.1132 5.1132 5.1132
testname288.jpg 5.1128 5.1128 5.1128 5.1128 5.1128 5.1127 5.1127 5.1127 5.1127 5.1127 5.1127
testname289.jpg 5.1136 5.1136 5.1136 5.1136 5.1136 5.1136 5.1135 5.1135 5.1135 5.1135 5.1135
testname290.jpg 5.2462 5.2462 5.2461 5.2460 5.2459 5.2459 5.2459 5.2459 5.2460 5.2460 5.2461
testname291.jpg 5.2440 5.2440 5.2440 5.2440 5.2440 5.2440 5.2440 5.2440 5.2440 5.2440 5.2440
testname292.jpg 5.2433 5.2434 5.2434 5.2434 5.2433 5.2433 5.2432 5.2432 5.2432 5.2432 5.2432
testname293.jpg 5.2430 5.2431 5.2432 5.2433 5.2433 5.2433 5.2433 5.2433 5.2432 5.2432 5.2432
testname294.jpg 5.2411 5.2413 5.2414 5.2415 5.2416 5.2418 5.2419 5.2420 5.2421 5.2422 5.2423
testname295.jpg 5.2423 5.2424 5.2425 5.2425 5.2426 5.2426 5.2427 5.2427 5.2428 5.2429 5.2430
testname296.jpg 5.2426 5.2427 5.2428 5.2429 5.2429 5.2429 5.2428 5.2428 5.2427 5.2426 5.2426
testname297.jpg 5.2435 5.2435 5.2434 5.2434 5.2433 5.2432 5.2431 5.2431 5.2430 5.2429 5.2429
testname298.jpg 5.2400 5.2400 5.2401 5.2402 5.2403 5.2404 5.2404 5.2405 5.2406 5.2406 5.2407
testname299.jpg 5.2410 5.2410 5.2410 5.2409 5.2409 5.2409 5.2409 5.2410 5.2411 5.2413 5.2414
testname300.jpg 5.2408 5.2408 5.2408 5.2408 5.2409 5.2409 5.2409 5.2409 5.2409 5.2409 5.2409
testname301.jpg 5.2403 5.2402 5.2402 5.2401 5.2401 5.2401 5.2401 5.2401 5.2401 5.2401 5.2401
testname302.jpg 5.2370 5.2370 5.2370 5.2371 5.2372 5.2373 5.2374 5.2375 5.2377 5.2378 5.2379
testname303.jpg 5.2400 5.2400 5.2401 5.2401 5.2401 5.2401 5.2401 5.2402 5.2402 5.2402 5.2402
testname304.jpg 5.2381 5.2379 5.2378 5.2378 5.2379 5.2380 5.2381 5.2383 5.2384 5.2384 5.2385
testname305.jpg 5.2377 5.2376 5.2375 5.2375 5.2374 5.2374 5.2373 5.2373 5.2372 5.2372 5.2371
testname306.jpg 5.2375 5.2375 5.2375 5.2374 5.2374 5.2374 5.2374 5.2374 5.2374 5.2374 5.2374
testname307.jpg 4.4743 4.4744 4.4744 4.4744 4.4745 4.4745 4.4745 4.4746 4.4746 4.4746 4.4747
testname308.jpg 4.4748 4.4748 4.4748 4.4748 4.4748 4.4748 4.4748 4.4748 4.4748 4.4749 4.4749
testname309.jpg 4.4720 4.4719 4.4718 4.4718 4.4718 4.4718 4.4718 4.4718 4.4718 4.4718 4.4718
testname310.jpg 4.4728 4.4729 4.4729 4.4730 4.4731 4.4732 4.4732 4.4733 4.4733 4.4734 4.4734
testname311.jpg 4.4734 4.4734 4.4733 4.4733 4.4733 4.4733 4.4733 4.4733 4.4733 4.4733 4.4733
testname312.jpg 4.8208 4.8208 4.8208 4.8209 4.8209 4.8209 4.8209 4.8210 4.8210 4.8210 4.8210
testname313.jpg 4.8193 4.8194 4.8195 4.8196 4.8197 4.8198 4.8199 4.8199 4.8199 4.8199 4.8199
testname314.jpg 4.8203 4.8203 4.8203 4.8203 4.8203 4.8203 4.8203 4.8203 4.8203 4.8203 4.8203
testname315.jpg 4.8202 4.8202 4.8201 4.8201 4.8200 4.8200 4.8200 4.8199 4.8199 4.8199 4.8199
testname316.jpg 4.8185 4.8187 4.8188 4.8190 4.8191 4.8192 4.8193 4.8194 4.8195 4.8196 4.8197
testname317.jpg 4.8191 4.8191 4.8191 4.8191 4.8190 4.8190 4.8189 4.8188 4.8187 4.8186 4.8185
testname318.jpg 4.8180 4.8177 4.8175 4.8174 4.8173 4.8172 4.8172 4.8172 4.8171 4.8171 4.8171
testname319.jpg 4.8143 4.8140 4.8136 4.8133 4.8130 4.8127 4.8125 4.8123 4.8122 4.8121 4.8120
testname320.jpg 3.0573 3.0575 3.0576 3.0577 3.0578 3.0578 3.0578 3.0578 3.0578 3.0578 3.0578
testname321.jpg 3.0569 3.0570 3.0570 3.0571 3.0572 3.0572 3.0573 3.0573 3.0574 3.0574 3.0574
testname322.jpg 3.0574 3.0574 3.0574 3.0575 3.0576 3.0578 3.0578 3.0578 3.0578 3.0578 3.0577
testname323.jpg 3.0575 3.0575 3.0576 3.0576 3.0576 3.0576 3.0577 3.0577 3.0577 3.0577 3.0577
testname324.jpg 4.4054 4.4057 4.4060 4.4063 4.4066 4.4068 4.4071 4.4073 4.4075 4.4078 4.4080
testname325.jpg 4.4074 4.4075 4.4076 4.4078 4.4079 4.4080 4.4081 4.4082 4.4082 4.4083 4.4084
testname326.jpg 4.4081 4.4082 4.4083 4.4084 4.4085 4.4085 4.4086 4.4087 4.4088 4.4088 4.4089
testname327.jpg 4.4115 4.4115 4.4115 4.4115 4.4115 4.4115 4.4115 4.4115 4.4115 4.4115 4.4114
testname328.jpg 4.4113 4.4113 4.4113 4.4113 4.4113 4.4113 4.4113 4.4113 4.4113 4.4113 4.4113
testname329.jpg 4.4099 4.4099 4.4100 4.4100 4.4101 4.4101 4.4101 4.4102 4.4102 4.4102 4.4103
testname330.jpg 4.4082 4.4083 4.4085 4.4086 4.4087 4.4088 4.4089 4.4090 4.4091 4.4092 4.4093
testname331.jpg 4.4101 4.4102 4.4102 4.4102 4.4103 4.4103 4.4103 4.4104 4.4104 4.4104 4.4104
testname332.jpg 4.4103 4.4103 4.4103 4.4103 4.4103 4.4103 4.4104 4.4104 4.4104 4.4104 4.4104
testname333.jpg 4.4054 4.4055 4.4056 4.4057 4.4058 4.4059 4.4061 4.4062 4.4063 4.4064 4.4065
testname334.jpg 4.4085 4.4086 4.4087 4.4088 4.4088 4.4089 4.4090 4.4091 4.4092 4.4092 4.4093
testname335.jpg 4.4063 4.4063 4.4064 4.4064 4.4065 4.4065 4.4066 4.4066 4.4067 4.4067 4.4068
testname336.jpg 4.4064 4.4063 4.4063 4.4063 4.4063 4.4063 4.4063 4.4064 4.4064 4.4065 4.4065
testname337.jpg 5.7892 5.7894 5.7897 5.7901 5.7903 5.7907 5.7908 5.7908 5.7908 5.7909 5.7909
testname338.jpg 5.7902 5.7902 5.7903 5.7904 5.7905 5.7906 5.7906 5.7907 5.7908 5.7909 5.7909
testname339.jpg 5.7868 5.7869 5.7870 5.7872 5.7874 5.7876 5.7878 5.7879 5.7881 5.7883 5.7884
testname340.jpg 5.7889 5.7890 5.7891 5.7893 5.7894 5.7895 5.7896 5.7897 5.7899 5.7900 5.7901
testname341.jpg 5.7908 5.7909 5.7909 5.7909 5.7909 5.7909 5.7910 5.7910 5.7910 5.7910 5.7910
testname342.jpg 5.7897 5.7897 5.7898 5.7899 5.7900 5.7901 5.7902 5.7903 5.7904 5.7904 5.7905
testname343.jpg 5.7910 5.7910 5.7909 5.7909 5.7909 5.7909 5.7909 5.7909 5.7908 5.7908 5.7908
testname344.jpg 5.7896 5.7896 5.7895 5.7895 5.7895 5.7895 5.7895 5.7896 5.7896 5.7896 5.7896
testname345.jpg 5.7897 5.7897 5.7896 5.7894 5.7893 5.7892 5.7892 5.7891 5.7891 5.7891 5.7890
testname346.jpg 5.7893 5.7894 5.7894 5.7894 5.7894 5.7894 5.7895 5.7895 5.7895 5.7896 5.7896
testname347.jpg 5.7899 5.7900 5.7901 5.7902 5.7903 5.7904 5.7904 5.7904 5.7904 5.7904 5.7903
testname348.jpg 5.7902 5.7901 5.7901 5.7900 5.7899 5.7898 5.7898 5.7897 5.7896 5.7896 5.7895
testname349.jpg 5.7888 5.7889 5.7891 5.7892 5.7892 5.7893 5.7893 5.7893 5.7893 5.7892 5.7892
testname350.jpg 5.7900 5.7900 5.7900 5.7900 5.7900 5.7900 5.7900 5.7901 5.7901 5.7901 5.7901
testname351.jpg 5.7880 5.7882 5.7883 5.7883 5.7883 5.7883 5.7883 5.7883 5.7883 5.7883 5.7883
testname352.jpg 5.7884 5.7885 5.7885 5.7885 5.7885 5.7885 5.7885 5.7885 5.7885 5.7885 5.7885
testname353.jpg 3.3270 3.3271 3.3272 3.3273 3.3274 3.3275 3.3275 3.3275 3.3275 3.3275 3.3275
testname354.jpg 3.3287 3.3287 3.3287 3.3287 3.3287 3.3287 3.3287 3.3288 3.3288 3.3288 3.3289
testname355.jpg 3.3276 3.3277 3.3279 3.3281 3.3283 3.3285 3.3287 3.3289 3.3293 3.3296 3.3296
testname356.jpg 3.3282 3.3282 3.3282 3.3282 3.3282 3.3282 3.3282 3.3282 3.3282 3.3282 3.3282
testname357.jpg 3.3247 3.3249 3.3250 3.3252 3.3253 3.3255 3.3257 3.3259 3.3261 3.3262 3.3264
testname358.jpg 3.7979 3.7982 3.7986 3.7990 3.7993 3.7996 3.8000 3.8003 3.8008 3.8019 3.8020
testname359.jpg 3.8014 3.8014 3.8014 3.8014 3.8014 3.8014 3.8015 3.8015 3.8015 3.8016 3.8016
testname360.jpg 3.8014 3.8014 3.8014 3.8014 3.8014 3.8014 3.8014 3.8014 3.8014 3.8014 3.8014
testname361.jpg 3.8012 3.8012 3.8012 3.8012 3.8013 3.8013 3.8013 3.8013 3.8013 3.8013 3.8013
testname362.jpg 3.8003 3.8003 3.8003 3.8004 3.8005 3.8006 3.8007 3.8008 3.8009 3.8010 3.8010
testname363.jpg 3.7995 3.7996 3.7997 3.7998 3.7999 3.8001 3.8002 3.8003 3.8004 3.8004 3.8005
testname364.jpg 3.7991 3.7991 3.7992 3.7992 3.7994 3.7995 3.7996 3.7997 3.7998 3.7999 3.8000
testname365.jpg 3.8016 3.8016 3.8016 3.8015 3.8015 3.8015 3.8015 3.8015 3.8015 3.8014 3.8014
testname366.jpg 3.8006 3.8007 3.8007 3.8008 3.8008 3.8008 3.8009 3.8009 3.8009 3.8009 3.8010
testname367.jpg 3.9324 3.9324 3.9324 3.9325 3.9325 3.9325 3.9325 3.9325 3.9325 3.9324 3.9323
testname368.jpg 3.9306 3.9306 3.9306 3.9308 3.9309 3.9311 3.9313 3.9314 3.9316 3.9317 3.9318
testname369.jpg 3.9324 3.9324 3.9324 3.9324 3.9324 3.9324 3.9325 3.9325 3.9325 3.9325 3.9325
testname370.jpg 3.9312 3.9313 3.9313 3.9314 3.9314 3.9315 3.9315 3.9315 3.9316 3.9316 3.9317
testname371.jpg 3.9319 3.9319 3.9319 3.9319 3.9319 3.9319 3.9319 3.9319 3.9319 3.9319 3.9319
testname372.jpg 3.9312 3.9312 3.9312 3.9312 3.9312 3.9312 3.9312 3.9312 3.9312 3.9312 3.9312
testname373.jpg 3.9312 3.9312 3.9312 3.9312 3.9312 3.9311 3.9311 3.9311 3.9310 3.9309 3.9308
testname374.jpg 3.9279 3.9281 3.9282 3.9284 3.9286 3.9287 3.9289 3.9290 3.9291 3.9293 3.9294
testname375.jpg 3.9303 3.9303 3.9303 3.9304 3.9304 3.9304 3.9305 3.9305 3.9305 3.9305 3.9305
testname376.jpg 3.9277 3.9279 3.9281 3.9283 3.9285 3.9287 3.9288 3.9289 3.9289 3.9290 3.9290
testname377.jpg 3.9283 3.9283 3.9284 3.9285 3.9286 3.9288 3.9289 3.9291 3.9292 3.9294 3.9295
testname378.jpg 3.9291 3.9291 3.9292 3.9292 3.9293 3.9294 3.9294 3.9294 3.9295 3.9295 3.9296
testname379.jpg 3.9294 3.9294 3.9294 3.9294 3.9294 3.9294 3.9294 3.9294 3.9294 3.9294 3.9294
testname380.jpg 3.9265 3.9266 3.9267 3.9267 3.9268 3.9269 3.9270 3.9271 3.9272 3.9273 3.9274
testname381.jpg 3.9270 3.9271 3.9272 3.9273 3.9274 3.9275 3.9276 3.9276 3.9277 3.9277 3.9278
testname382.jpg 3.7902 3.7903 3.7904 3.7905 3.7906 3.7908 3.7909 3.7910 3.7911 3.7912 3.7913
testname383.jpg 3.7918 3.7918 3.7917 3.7917 3.7917 3.7917 3.7917 3.7916 3.7916 3.7916 3.7915
testname384.jpg 3.7897 3.7897 3.7898 3.7898 3.7899 3.7900 3.7900 3.7901 3.7901 3.7902 3.7902
testname385.jpg 3.7896 3.7896 3.7896 3.7897 3.7898 3.7898 3.7899 3.7900 3.7900 3.7900 3.7900
testname386.jpg 3.7879 3.7882 3.7885 3.7887 3.7889 3.7891 3.7893 3.7895 3.7896 3.7897 3.7898
testname387.jpg 3.7901 3.7901 3.7901 3.7901 3.7901 3.7901 3.7901 3.7901 3.7901 3.7901 3.7902
testname388.jpg 3.7900 3.7900 3.7899 3.7899 3.7898 3.7898 3.7898 3.7898 3.7898 3.7898 3.7898
testname389.jpg 3.7892 3.7893 3.7893 3.7894 3.7894 3.7894 3.7895 3.7895 3.7895 3.7895 3.7895
testname390.jpg 4.9259 4.9260 4.9260 4.9261 4.9261 4.9262 4.9262 4.9263 4.9264 4.9264 4.9265
testname391.jpg 4.9263 4.9262 4.9260 4.9260 4.9259 4.9258 4.9258 4.9257 4.9257 4.9257 4.9256
testname392.jpg 4.9231 4.9231 4.9232 4.9233 4.9234 4.9235 4.9237 4.9238 4.9239 4.9240 4.9241
testname393.jpg 4.9252 4.9254 4.9256 4.9257 4.9259 4.9260 4.9262 4.9263 4.9264 4.9264 4.9265
testname394.jpg 4.9256 4.9255 4.9255 4.9255 4.9254 4.9254 4.9254 4.9254 4.9254 4.9254 4.9254
testname395.jpg 4.9243 4.9243 4.9242 4.9242 4.9242 4.9242 4.9243 4.9243 4.9243 4.9244 4.9244
testname396.jpg 4.9254 4.9254 4.9254 4.9254 4.9254 4.9254 4.9255 4.9255 4.9255 4.9255 4.9255
testname397.jpg 4.9249 4.9250 4.9250 4.9251 4.9251 4.9251 4.9251 4.9251 4.9251 4.9252 4.9252
testname398.jpg 4.2614 4.2614 4.2614 4.2614 4.2615 4.2615 4.2615 4.2615 4.2615 4.2615 4.2615
testname399.jpg 4.2602 4.2603 4.2604 4.2605 4.2605 4.2606 4.2607 4.2607 4.2608 4.2608 4.2609
testname400.jpg 4.2603 4.2603 4.2603 4.2604 4.2604 4.2604 4.2604 4.2604 4.2605 4.2605 4.2605
testname401.jpg 4.2588 4.2588 4.2588 4.2589 4.2589 4.2589 4.2590 4.2590 4.2590 4.2590 4.2590
testname402.jpg 4.2602 4.2602 4.2602 4.2602 4.2602 4.2602 4.2602 4.2602 4.2602 4.2602 4.2602
testname403.jpg 4.2601 4.2601 4.2601 4.2600 4.2600 4.2600 4.2600 4.2600 4.2599 4.2599 4.2599
testname404.jpg 4.2597 4.2597 4.2597 4.2597 4.2597 4.2597 4.2597 4.2598 4.2598 4.2598 4.2598
testname405.jpg 3.8360 3.8361 3.8361 3.8361 3.8362 3.8362 3.8362 3.8363 3.8363 3.8364 3.8364
testname406.jpg 3.8363 3.8364 3.8366 3.8367 3.8369 3.8370 3.8372 3.8373 3.8374 3.8375 3.8376
testname407.jpg 3.8365 3.8365 3.8365 3.8365 3.8365 3.8365 3.8365 3.8365 3.8365 3.8365 3.8365
testname408.jpg 3.8358 3.8358 3.8359 3.8359 3.8359 3.8359 3.8359 3.8360 3.8360 3.8360 3.8360
testname409.jpg 6.3600 6.3602 6.3603 6.3604 6.3605 6.3606 6.3607 6.3608 6.3609 6.3610 6.3611
testname410.jpg 6.3616 6.3616 6.3616 6.3617 6.3617 6.3617 6.3617 6.3618 6.3618 6.3618 6.3618
testname411.jpg 6.3614 6.3614 6.3614 6.3614 6.3614 6.3614 6.3615 6.3615 6.3615 6.3615 6.3615
testname412.jpg 6.3613 6.3613 6.3613 6.3613 6.3612 6.3612 6.3612 6.3612 6.3612 6.3612 6.3612
testname413.jpg 6.3610 6.3610 6.3611 6.3611 6.3611 6.3611 6.3611 6.3611 6.3612 6.3612 6.3612
testname414.jpg 6.3606 6.3606 6.3606 6.3606 6.3606 6.3606 6.3606 6.3606 6.3606 6.3605 6.3605
testname415.jpg 3.8931 3.8931 3.8931 3.8931 3.8931 3.8931 3.8931 3.8931 3.8932 3.8932 3.8932
testname416.jpg 3.8894 3.8895 3.8897 3.8898 3.8898 3.8899 3.8899 3.8900 3.8900 3.8900 3.8900
testname417.jpg 3.8924 3.8924 3.8924 3.8924 3.8924 3.8924 3.8924 3.8925 3.8925 3.8925 3.8925
testname418.jpg 3.8898 3.8898 3.8897 3.8897 3.8897 3.8898 3.8898 3.8898 3.8899 3.8900 3.8900
testname419.jpg 3.8919 3.8919 3.8919 3.8920 3.8920 3.8920 3.8920 3.8920 3.8921 3.8921 3.8921
testname420.jpg 3.8895 3.8897 3.8900 3.8902 3.8904 3.8910 3.8915 3.8916 3.8917 3.8918 3.8918
testname421.jpg 3.8903 3.8903 3.8904 3.8904 3.8905 3.8905 3.8906 3.8906 3.8907 3.8907 3.8907
testname422.jpg 3.8892 3.8893 3.8893 3.8893 3.8894 3.8894 3.8895 3.8895 3.8896 3.8896 3.8896
testname423.jpg 3.8899 3.8900 3.8900 3.8901 3.8901 3.8902 3.8902 3.8902 3.8903 3.8903 3.8903
testname424.jpg 4.5956 4.5956 4.5956 4.5956 4.5956 4.5956 4.5957 4.5957 4.5957 4.5958 4.5958
testname425.jpg 4.5940 4.5940 4.5940 4.5941 4.5941 4.5941 4.5941 4.5941 4.5942 4.5942 4.5943
testname426.jpg 4.5957 4.5956 4.5956 4.5956 4.5955 4.5955 4.5955 4.5955 4.5955 4.5954 4.5954
testname427.jpg 4.5925 4.5927 4.5930 4.5932 4.5934 4.5936 4.5940 4.5941 4.5942 4.5943 4.5943
testname428.jpg 4.5954 4.5954 4.5955 4.5955 4.5955 4.5955 4.5955 4.5955 4.5955 4.5955 4.5955
testname429.jpg 4.5966 4.5965 4.5965 4.5965 4.5965 4.5965 4.5964 4.5964 4.5964 4.5964 4.5963
testname430.jpg 4.5955 4.5955 4.5955 4.5955 4.5955 4.5955 4.5955 4.5955 4.5954 4.5954 4.5954
testname431.jpg 4.5948 4.5947 4.5947 4.5947 4.5946 4.5946 4.5946 4.5946 4.5946 4.5945 4.5945
testname432.jpg 4.5949 4.5949 4.5949 4.5949 4.5949 4.5949 4.5949 4.5949 4.5949 4.5949 4.5949
testname433.jpg 4.5949 4.5948 4.5948 4.5948 4.5948 4.5948 4.5948 4.5948 4.5948 4.5948 4.5948
testname434.jpg 4.5923 4.5924 4.5924 4.5925 4.5926 4.5927 4.5928 4.5928 4.5929 4.5930 4.5931
testname435.jpg 4.5946 4.5946 4.5946 4.5946 4.5946 4.5946 4.5946 4.5946 4.5946 4.5946 4.5946
testname436.jpg 4.5946 4.5946 4.5947 4.5947 4.5947 4.5947 4.5947 4.5947 4.5947 4.5947 4.5947
testname437.jpg 5.0972 5.0972 5.0972 5.0973 5.0973 5.0973 5.0973 5.0973 5.0973 5.0973 5.0974
testname438.jpg 5.0977 5.0977 5.0977 5.0977 5.0977 5.0977 5.0977 5.0977 5.0977 5.0977 5.0977
testname439.jpg 5.0972 5.0972 5.0973 5.0973 5.0973 5.0973 5.0974 5.0974 5.0974 5.0974 5.0974
testname440.jpg 5.0954 5.0954 5.0955 5.0956 5.0956 5.0957 5.0957 5.0958 5.0959 5.0959 5.0960
testname441.jpg 5.0964 5.0964 5.0964 5.0964 5.0964 5.0964 5.0964 5.0964 5.0964 5.0964 5.0964
testname442.jpg 5.0955 5.0955 5.0955 5.0955 5.0955 5.0955 5.0956 5.0956 5.0956 5.0956 5.0956
testname443.jpg 5.0923 5.0924 5.0925 5.0926 5.0927 5.0928 5.0930 5.0931 5.0933 5.0934 5.0935
testname444.jpg 5.0938 5.0938 5.0938 5.0938 5.0938 5.0937 5.0937 5.0937 5.0937 5.0937 5.0937
testname445.jpg 5.0928 5.0928 5.0928 5.0928 5.0928 5.0928 5.0928 5.0928 5.0928 5.0928 5.0928
testname446.jpg 4.7968 4.7968 4.7968 4.7968 4.7968 4.7968 4.7968 4.7968 4.7968 4.7968 4.7968
testname447.jpg 4.7961 4.7961 4.7962 4.7962 4.7962 4.7963 4.7963 4.7963 4.7963 4.7964 4.7964
testname448.jpg 4.7962 4.7962 4.7962 4.7962 4.7962 4.7961 4.7961 4.7961 4.7961 4.7961 4.7961
testname449.jpg 4.7959 4.7959 4.7959 4.7959 4.7959 4.7959 4.7959 4.7959 4.7959 4.7959 4.7959
testname450.jpg 4.7956 4.7956 4.7956 4.7956 4.7956 4.7956 4.7956 4.7956 4.7956 4.7956 4.7956
testname451.jpg 4.7955 4.7955 4.7955 4.7955 4.7955 4.7955 4.7955 4.7955 4.7955 4.7955 4.7955
testname452.jpg 3.5331 3.5331 3.5331 3.5331 3.5331 3.5331 3.5331 3.5331 3.5331 3.5331 3.5331
testname453.jpg 3.5319 3.5319 3.5320 3.5320 3.5320 3.5320 3.5320 3.5320 3.5321 3.5321 3.5321
testname454.jpg 3.5312 3.5312 3.5312 3.5312 3.5312 3.5312 3.5313 3.5313 3.5313 3.5313 3.5313
testname455.jpg 3.5307 3.5307 3.5307 3.5307 3.5307 3.5307 3.5307 3.5307 3.5308 3.5308 3.5308
testname456.jpg 4.7346 4.7346 4.7346 4.7346 4.7346 4.7346 4.7346 4.7346 4.7346 4.7346 4.7346
testname457.jpg 4.7323 4.7323 4.7323 4.7323 4.7323 4.7324 4.7324 4.7324 4.7324 4.7324 4.7324
testname458.jpg 4.7334 4.7334 4.7334 4.7334 4.7334 4.7334 4.7334 4.7334 4.7334 4.7334 4.7334
testname459.jpg 4.7340 4.7340 4.7340 4.7340 4.7340 4.7340 4.7340 4.7340 4.7340 4.7340 4.7340
testname460.jpg 4.7335 4.7335 4.7335 4.7335 4.7335 4.7335 4.7335 4.7335 4.7335 4.7335 4.7335
testname461.jpg 4.7330 4.7330 4.7330 4.7330 4.7330 4.7330 4.7330 4.7330 4.7330 4.7330 4.7330
testname462.jpg 4.7330 4.7330 4.7330 4.7330 4.7330 4.7330 4.7330 4.7330 4.7329 4.7329 4.7329
testname463.jpg 4.7323 4.7323 4.7323 4.7323 4.7323 4.7323 4.7323 4.7323 4.7323 4.7323 4.7323
testname464.jpg 4.7319 4.7319 4.7319 4.7319 4.7319 4.7319 4.7319 4.7319 4.7319 4.7319 4.7319
testname465.jpg 4.7302 4.7302 4.7303 4.7303 4.7304 4.7304 4.7305 4.7305 4.7306 4.7306 4.7307
testname466.jpg 4.7314 4.7314 4.7314 4.7314 4.7314 4.7314 4.7314 4.7313 4.7313 4.7313 4.7313
testname467.jpg 5.1174 5.1174 5.1174 5.1174 5.1174 5.1174 5.1174 5.1174 5.1174 5.1174 5.1174
testname468.jpg 5.1177 5.1177 5.1177 5.1177 5.1177 5.1177 5.1177 5.1177 5.1177 5.1177 5.1177
testname469.jpg 5.1178 5.1178 5.1179 5.1179 5.1179 5.1179 5.1179 5.1179 5.1179 5.1180 5.1180
testname470.jpg 5.1176 5.1176 5.1176 5.1176 5.1176 5.1176 5.1176 5.1176 5.1176 5.1176 5.1176
testname471.jpg 5.1174 5.1174 5.1174 5.1174 5.1174 5.1174 5.1174 5.1174 5.1173 5.1173 5.1173
testname472.jpg 5.1169 5.1169 5.1169 5.1169 5.1169 5.1169 5.1169 5.1169 5.1169 5.1169 5.1169
testname473.jpg 5.1165 5.1165 5.1165 5.1165 5.1165 5.1165 5.1165 5.1165 5.1165 5.1165 5.1165
testname474.jpg 3.3835 3.3835 3.3835 3.3835 3.3835 3.3835 3.3835 3.3835 3.3835 3.3835 3.3835
testname475.jpg 3.3830 3.3830 3.3830 3.3831 3.3831 3.3832 3.3832 3.3832 3.3833 3.3833 3.3833
testname476.jpg 3.3833 3.3833 3.3833 3.3833 3.3833 3.3832 3.3832 3.3832 3.3831 3.3831 3.3831
testname477.jpg 3.3835 3.3835 3.3835 3.3835 3.3835 3.3835 3.3835 3.3835 3.3835 3.3835 3.3835
testname478.jpg 3.3822 3.3822 3.3823 3.3823 3.3823 3.3823 3.3824 3.3824 3.3824 3.3824 3.3825
testname479.jpg 3.3815 3.3815 3.3815 3.3815 3.3815 3.3815 3.3814 3.3814 3.3814 3.3814 3.3813
testname480.jpg 3.3799 3.3798 3.3798 3.3797 3.3797 3.3797 3.3797 3.3797 3.3798 3.3799 3.3800
testname481.jpg 3.3823 3.3823 3.3823 3.3823 3.3823 3.3823 3.3823 3.3823 3.3823 3.3823 3.3823
testname482.jpg 3.3803 3.3803 3.3802 3.3802 3.3802 3.3803 3.3803 3.3804 3.3805 3.3805 3.3806
testname483.jpg 3.3823 3.3823 3.3823 3.3823 3.3823 3.3823 3.3823 3.3823 3.3823 3.3823 3.3823
testname484.jpg 3.3802 3.3804 3.3806 3.3808 3.3809 3.3811 3.3812 3.3812 3.3813 3.3814 3.3815
testname485.jpg 3.3815 3.3815 3.3815 3.3815 3.3815 3.3815 3.3815 3.3815 3.3815 3.3815 3.3815
testname486.jpg 3.3810 3.3810 3.3810 3.3810 3.3810 3.3811 3.3811 3.3811 3.3811 3.3811 3.3811
testname487.jpg 3.3814 3.3814 3.3815 3.3815 3.3815 3.3815 3.3815 3.3815 3.3815 3.3815 3.3815
testname488.jpg 3.3805 3.3805 3.3805 3.3805 3.3806 3.3806 3.3806 3.3805 3.3805 3.3804 3.3803
testname489.jpg 3.5089 3.5087 3.5086 3.5085 3.5084 3.5084 3.5084 3.5083 3.5083 3.5083 3.5083
testname490.jpg 3.5084 3.5084 3.5084 3.5084 3.5084 3.5084 3.5084 3.5084 3.5084 3.5084 3.5084
testname491.jpg 3.5086 3.5086 3.5086 3.5086 3.5086 3.5086 3.5086 3.5086 3.5086 3.5086 3.5086
testname492.jpg 3.5069 3.5069 3.5068 3.5068 3.5068 3.5067 3.5067 3.5067 3.5067 3.5067 3.5067
testname493.jpg 3.5077 3.5077 3.5077 3.5077 3.5077 3.5077 3.5077 3.5077 3.5077 3.5077 3.5077
testname494.jpg 3.5067 3.5067 3.5067 3.5067 3.5067 3.5067 3.5067 3.5067 3.5067 3.5067 3.5066
testname495.jpg 3.5026 3.5026 3.5026 3.5026 3.5025 3.5025 3.5025 3.5024 3.5024 3.5023 3.5023
testname496.jpg 3.5014 3.5013 3.5013 3.5013 3.5012 3.5012 3.5012 3.5011 3.5011 3.5010 3.5009
testname497.jpg 3.5018 3.5018 3.5019 3.5019 3.5019 3.5019 3.5019 3.5019 3.5019 3.5019 3.5020
testname498.jpg 4.9372 4.9371 4.9371 4.9371 4.9371 4.9371 4.9371 4.9371 4.9371 4.9371 4.9371
testname499.jpg 4.9335 4.9335 4.9335 4.9335 4.9335 4.9335 4.9335 4.9335 4.9335 4.9335 4.9335
testname500.jpg 4.9353 4.9353 4.9353 4.9352 4.9352 4.9352 4.9352 4.9352 4.9352 4.9352 4.9352
testname501.jpg 4.9357 4.9356 4.9356 4.9356 4.9356 4.9356 4.9356 4.9356 4.9356 4.9356 4.9356
testname502.jpg 4.9353 4.9353 4.9353 4.9353 4.9353 4.9353 4.9353 4.9353 4.9353 4.9353 4.9353
testname503.jpg 4.9347 4.9347 4.9347 4.9347 4.9347 4.9347 4.9347 4.9347 4.9347 4.9347 4.9347
testname504.jpg 4.9350 4.9350 4.9350 4.9350 4.9350 4.9350 4.9350 4.9350 4.9350 4.9349 4.9349
testname505.jpg 4.9339 4.9340 4.9340 4.9340 4.9340 4.9340 4.9340 4.9340 4.9340 4.9340 4.9341
testname506.jpg 4.9338 4.9338 4.9338 4.9338 4.9338 4.9338 4.9338 4.9338 4.9338 4.9338 4.9338
testname507.jpg 4.7104 4.7104 4.7104 4.7104 4.7104 4.7104 4.7103 4.7103 4.7103 4.7103 4.7103
testname508.jpg 4.7099 4.7099 4.7099 4.7099 4.7099 4.7099 4.7099 4.7099 4.7099 4.7099 4.7099
testname509.jpg 4.7084 4.7084 4.7084 4.7084 4.7085 4.7085 4.7085 4.7085 4.7085 4.7085 4.7085
testname510.jpg 4.7054 4.7054 4.7053 4.7053 4.7053 4.7053 4.7053 4.7054 4.7054 4.7054 4.7054
testname511.jpg 4.7060 4.7059 4.7059 4.7059 4.7059 4.7059 4.7059 4.7059 4.7059 4.7059 4.7059
testname512.jpg 4.7049 4.7049 4.7049 4.7049 4.7049 4.7049 4.7049 4.7048 4.7048 4.7048 4.7048
testname513.jpg 4.7047 4.7047 4.7048 4.7048 4.7048 4.7048 4.7048 4.7048 4.7048 4.7049 4.7049
testname514.jpg 4.7031 4.7031 4.7032 4.7032 4.7033 4.7034 4.7035 4.7035 4.7036 4.7037 4.7038
testname515.jpg 4.9607 4.9607 4.9606 4.9606 4.9606 4.9606 4.9606 4.9606 4.9606 4.9606 4.9606
testname516.jpg 4.9599 4.9599 4.9599 4.9599 4.9599 4.9599 4.9599 4.9600 4.9600 4.9600 4.9600
testname517.jpg 4.9562 4.9558 4.9557 4.9556 4.9556 4.9557 4.9558 4.9559 4.9561 4.9562 4.9564
testname518.jpg 4.9583 4.9583 4.9583 4.9583 4.9582 4.9582 4.9582 4.9582 4.9582 4.9582 4.9582
testname519.jpg 4.9563 4.9563 4.9563 4.9563 4.9563 4.9564 4.9565 4.9565 4.9566 4.9567 4.9568
testname520.jpg 4.9574 4.9573 4.9572 4.9572 4.9572 4.9572 4.9572 4.9572 4.9573 4.9573 4.9574
testname521.jpg 4.9562 4.9563 4.9563 4.9564 4.9564 4.9565 4.9565 4.9566 4.9566 4.9566 4.9567
testname522.jpg 5.2012 5.2012 5.2012 5.2012 5.2013 5.2013 5.2013 5.2014 5.2014 5.2014 5.2014
testname523.jpg 5.1978 5.1978 5.1978 5.1978 5.1978 5.1978 5.1978 5.1978 5.1978 5.1978 5.1978
testname524.jpg 5.1973 5.1973 5.1973 5.1973 5.1973 5.1973 5.1973 5.1973 5.1973 5.1973 5.1972
testname525.jpg 5.1964 5.1964 5.1964 5.1964 5.1964 5.1964 5.1965 5.1965 5.1965 5.1965 5.1965
testname526.jpg 5.1952 5.1953 5.1954 5.1955 5.1955 5.1955 5.1956 5.1956 5.1956 5.1956 5.1956
testname527.jpg 5.1919 5.1919 5.1919 5.1919 5.1920 5.1921 5.1922 5.1923 5.1924 5.1925 5.1926
testname528.jpg 5.1941 5.1942 5.1942 5.1942 5.1942 5.1942 5.1942 5.1942 5.1942 5.1943 5.1943
testname529.jpg 5.1953 5.1953 5.1953 5.1954 5.1954 5.1954 5.1954 5.1955 5.1955 5.1955 5.1955
testname530.jpg 5.1949 5.1950 5.1950 5.1950 5.1950 5.1950 5.1950 5.1950 5.1950 5.1950 5.1950
testname531.jpg 5.1939 5.1939 5.1940 5.1940 5.1941 5.1941 5.1941 5.1941 5.1941 5.1941 5.1941
testname532.jpg 5.1945 5.1945 5.1946 5.1947 5.1947 5.1947 5.1948 5.1948 5.1949 5.1949 5.1949
testname533.jpg 5.1953 5.1953 5.1953 5.1953 5.1953 5.1953 5.1953 5.1953 5.1953 5.1953 5.1953
testname534.jpg 4.3314 4.3319 4.3322 4.3325 4.3326 4.3328 4.3329 4.3329 4.3330 4.3330 4.3330
testname535.jpg 4.3359 4.3359 4.3359 4.3359 4.3358 4.3358 4.3358 4.3358 4.3358 4.3358 4.3358
testname536.jpg 4.3356 4.3356 4.3356 4.3356 4.3356 4.3356 4.3356 4.3356 4.3356 4.3356 4.3356
testname537.jpg 4.3349 4.3349 4.3349 4.3349 4.3349 4.3349 4.3349 4.3349 4.3349 4.3349 4.3349
testname538.jpg 4.3331 4.3331 4.3332 4.3332 4.3332 4.3333 4.3333 4.3334 4.3334 4.3334 4.3334
testname539.jpg 4.3328 4.3328 4.3328 4.3328 4.3328 4.3328 4.3328 4.3328 4.3328 4.3328 4.3328
testname540.jpg 6.0105 6.0106 6.0107 6.0108 6.0108 6.0109 6.0110 6.0110 6.0111 6.0111 6.0111
testname541.jpg 6.0096 6.0098 6.0099 6.0100 6.0101 6.0102 6.0103 6.0103 6.0104 6.0105 6.0106
testname542.jpg 6.0117 6.0117 6.0117 6.0117 6.0117 6.0117 6.0117 6.0117 6.0117 6.0117 6.0117
testname543.jpg 6.0104 6.0104 6.0104 6.0104 6.0104 6.0104 6.0104 6.0104 6.0104 6.0104 6.0105
testname544.jpg 6.0112 6.0112 6.0112 6.0112 6.0112 6.0112 6.0112 6.0112 6.0112 6.0112 6.0112
testname545.jpg 6.0115 6.0115 6.0115 6.0115 6.0115 6.0115 6.0115 6.0115 6.0115 6.0115 6.0115
testname546.jpg 6.0110 6.0110 6.0110 6.0110 6.0110 6.0110 6.0110 6.0110 6.0110 6.0110 6.0110
testname547.jpg 6.0108 6.0108 6.0108 6.0108 6.0108 6.0108 6.0108 6.0108 6.0108 6.0108 6.0108
testname548.jpg 6.0111 6.0111 6.0111 6.0111 6.0111 6.0111 6.0111 6.0111 6.0111 6.0111 6.0111
testname549.jpg 6.0108 6.0108 6.0108 6.0108 6.0108 6.0108 6.0108 6.0108 6.0108 6.0108 6.0108
testname550.jpg 6.0096 6.0096 6.0096 6.0096 6.0096 6.0096 6.0096 6.0096 6.0096 6.0096 6.0096
testname551.jpg 6.0097 6.0097 6.0097 6.0097 6.0097 6.0098 6.0098 6.0098 6.0098 6.0098 6.0098
testname552.jpg 4.5636 4.5636 4.5636 4.5636 4.5636 4.5636 4.5636 4.5636 4.5636 4.5636 4.5636
testname553.jpg 4.5625 4.5625 4.5625 4.5625 4.5625 4.5625 4.5625 4.5625 4.5624 4.5624 4.5624
testname554.jpg 4.5626 4.5626 4.5626 4.5626 4.5626 4.5626 4.5626 4.5626 4.5626 4.5626 4.5626
testname555.jpg 4.5623 4.5623 4.5623 4.5623 4.5623 4.5623 4.5623 4.5623 4.5623 4.5623 4.5623
testname556.jpg 4.5608 4.5608 4.5608 4.5608 4.5608 4.5608 4.5608 4.5608 4.5608 4.5608 4.5608
testname557.jpg 4.5594 4.5595 4.5595 4.5595 4.5595 4.5595 4.5595 4.5595 4.5595 4.5595 4.5595
testname558.jpg 4.5583 4.5583 4.5583 4.5583 4.5583 4.5583 4.5583 4.5583 4.5583 4.5583 4.5583
testname559.jpg 4.5535 4.5535 4.5535 4.5535 4.5536 4.5537 4.5538 4.5539 4.5540 4.5540 4.5541
testname560.jpg 4.5536 4.5537 4.5538 4.5538 4.5539 4.5540 4.5540 4.5540 4.5541 4.5541 4.5541
testname561.jpg 4.5536 4.5535 4.5535 4.5535 4.5535 4.5535 4.5535 4.5535 4.5535 4.5535 4.5535
testname562.jpg 4.2228 4.2228 4.2228 4.2228 4.2228 4.2228 4.2228 4.2228 4.2229 4.2229 4.2229
testname563.jpg 4.2227 4.2227 4.2227 4.2227 4.2227 4.2227 4.2227 4.2227 4.2227 4.2227 4.2227
testname564.jpg 4.2216 4.2216 4.2216 4.2216 4.2216 4.2215 4.2215 4.2215 4.2215 4.2215 4.2215
testname565.jpg 4.2209 4.2209 4.2209 4.2209 4.2209 4.2209 4.2210 4.2210 4.2210 4.2210 4.2210
testname566.jpg 4.2206 4.2206 4.2206 4.2206 4.2206 4.2206 4.2207 4.2207 4.2207 4.2207 4.2207
testname567.jpg 4.2202 4.2202 4.2202 4.2202 4.2202 4.2202 4.2202 4.2202 4.2202 4.2202 4.2202
testname568.jpg 4.2198 4.2198 4.2198 4.2198 4.2199 4.2199 4.2199 4.2199 4.2199 4.2199 4.2199
testname569.jpg 4.5245 4.5246 4.5246 4.5246 4.5246 4.5246 4.5246 4.5246 4.5246 4.5246 4.5246
testname570.jpg 4.5232 4.5232 4.5233 4.5233 4.5233 4.5234 4.5235 4.5235 4.5236 4.5237 4.5238
testname571.jpg 4.5244 4.5244 4.5244 4.5243 4.5242 4.5242 4.5241 4.5241 4.5241 4.5241 4.5241
testname572.jpg 4.5240 4.5240 4.5241 4.5241 4.5241 4.5241 4.5241 4.5241 4.5242 4.5242 4.5242
testname573.jpg 4.5242 4.5242 4.5242 4.5242 4.5242 4.5242 4.5242 4.5242 4.5242 4.5242 4.5242
testname574.jpg 4.5229 4.5229 4.5229 4.5229 4.5229 4.5229 4.5229 4.5229 4.5229 4.5229 4.5229
testname575.jpg 4.5209 4.5210 4.5211 4.5212 4.5213 4.5214 4.5215 4.5216 4.5217 4.5217 4.5218
testname576.jpg 4.5221 4.5221 4.5221 4.5221 4.5221 4.5221 4.5221 4.5221 4.5221 4.5221 4.5221
testname577.jpg 3.5087 3.5087 3.5087 3.5087 3.5087 3.5087 3.5087 3.5087 3.5087 3.5087 3.5087
testname578.jpg 3.5081 3.5081 3.5081 3.5081 3.5081 3.5081 3.5081 3.5081 3.5081 3.5081 3.5081
testname579.jpg 3.5058 3.5058 3.5059 3.5059 3.5059 3.5059 3.5059 3.5059 3.5059 3.5059 3.5059
testname580.jpg 3.5015 3.5015 3.5015 3.5015 3.5016 3.5017 3.5017 3.5018 3.5019 3.5020 3.5020
testname581.jpg 3.5052 3.5052 3.5052 3.5051 3.5051 3.5051 3.5051 3.5051 3.5051 3.5051 3.5051
testname582.jpg 3.5048 3.5048 3.5048 3.5048 3.5048 3.5048 3.5048 3.5048 3.5048 3.5049 3.5049
testname583.jpg 3.5039 3.5039 3.5039 3.5039 3.5039 3.5039 3.5039 3.5039 3.5039 3.5039 3.5040
testname584.jpg 3.5046 3.5046 3.5046 3.5046 3.5046 3.5046 3.5046 3.5046 3.5046 3.5046 3.5046
testname585.jpg 3.5038 3.5038 3.5038 3.5038 3.5038 3.5038 3.5038 3.5038 3.5038 3.5038 3.5038
testname586.jpg 3.5036 3.5036 3.5036 3.5036 3.5036 3.5036 3.5036 3.5036 3.5036 3.5036 3.5036
testname587.jpg 3.5032 3.5032 3.5032 3.5032 3.5032 3.5032 3.5032 3.5032 3.5032 3.5032 3.5032
testname588.jpg 3.5023 3.5023 3.5023 3.5023 3.5023 3.5024 3.5024 3.5024 3.5024 3.5024 3.5023
testname589.jpg 3.5018 3.5018 3.5018 3.5018 3.5018 3.5018 3.5018 3.5018 3.5018 3.5018 3.5018
testname590.jpg 4.9492 4.9493 4.9494 4.9495 4.9497 4.9498 4.9499 4.9500 4.9502 4.9503 4.9504
testname591.jpg 4.9519 4.9519 4.9519 4.9519 4.9519 4.9519 4.9519 4.9519 4.9519 4.9519 4.9519
testname592.jpg 4.9504 4.9504 4.9504 4.9504 4.9504 4.9504 4.9504 4.9504 4.9504 4.9503 4.9503
testname593.jpg 4.9499 4.9499 4.9499 4.9499 4.9499 4.9499 4.9499 4.9499 4.9499 4.9499 4.9499
testname594.jpg 4.9493 4.9493 4.9493 4.9494 4.9494 4.9494 4.9494 4.9494 4.9494 4.9495 4.9495
testname595.jpg 4.9474 4.9474 4.9475 4.9476 4.9477 4.9478 4.9479 4.9480 4.9481 4.9482 4.9483
testname596.jpg 4.9485 4.9485 4.9485 4.9486 4.9486 4.9486 4.9486 4.9487 4.9487 4.9487 4.9487
testname597.jpg 4.9487 4.9487 4.9487 4.9487 4.9488 4.9488 4.9488 4.9488 4.9488 4.9489 4.9489
testname598.jpg 4.9488 4.9488 4.9488 4.9488 4.9488 4.9488 4.9488 4.9488 4.9488 4.9488 4.9489
testname599.jpg 4.9482 4.9482 4.9482 4.9482 4.9482 4.9482 4.9482 4.9482 4.9482 4.9482 4.9482
testname600.jpg 4.9478 4.9478 4.9479 4.9479 4.9479 4.9478 4.9478 4.9477 4.9477 4.9477 4.9476
testname601.jpg 3.5436 3.5436 3.5436 3.5436 3.5436 3.5436 3.5437 3.5437 3.5437 3.5438 3.5438
testname602.jpg 3.5452 3.5452 3.5452 3.5452 3.5452 3.5452 3.5452 3.5452 3.5452 3.5452 3.5452
testname603.jpg 3.5429 3.5429 3.5429 3.5429 3.5430 3.5430 3.5430 3.5431 3.5431 3.5432 3.5432
testname604.jpg 3.5437 3.5437 3.5438 3.5438 3.5439 3.5439 3.5439 3.5439 3.5439 3.5439 3.5440
testname605.jpg 3.5405 3.5408 3.5411 3.5416 3.5420 3.5425 3.5426 3.5426 3.5426 3.5426 3.5426
testname606.jpg 3.5436 3.5436 3.5435 3.5435 3.5434 3.5434 3.5433 3.5433 3.5433 3.5433 3.5433
testname607.jpg 3.5430 3.5430 3.5430 3.5430 3.5431 3.5431 3.5431 3.5431 3.5431 3.5431 3.5431
testname608.jpg 3.5399 3.5400 3.5400 3.5401 3.5402 3.5403 3.5404 3.5404 3.5405 3.5405 3.5405
testname609.jpg 3.5422 3.5422 3.5422 3.5422 3.5422 3.5422 3.5422 3.5422 3.5422 3.5422 3.5422
testname610.jpg 3.5419 3.5419 3.5419 3.5418 3.5418 3.5418 3.5417 3.5417 3.5416 3.5415 3.5415
testname611.jpg 5.0584 5.0583 5.0582 5.0581 5.0581 5.0580 5.0580 5.0579 5.0579 5.0579 5.0579
testname612.jpg 5.0583 5.0583 5.0583 5.0583 5.0584 5.0584 5.0584 5.0584 5.0584 5.0584 5.0584
testname613.jpg 5.0575 5.0575 5.0575 5.0575 5.0575 5.0575 5.0575 5.0575 5.0575 5.0575 5.0575
testname614.jpg 5.0572 5.0572 5.0572 5.0572 5.0572 5.0572 5.0572 5.0572 5.0572 5.0572 5.0572
testname615.jpg 5.0570 5.0570 5.0570 5.0570 5.0570 5.0570 5.0570 5.0570 5.0570 5.0570 5.0570
testname616.jpg 5.0569 5.0569 5.0569 5.0569 5.0569 5.0569 5.0569 5.0569 5.0569 5.0569 5.0569
testname617.jpg 5.0551 5.0551 5.0552 5.0552 5.0552 5.0553 5.0553 5.0553 5.0554 5.0554 5.0555
testname618.jpg 5.0553 5.0553 5.0553 5.0553 5.0553 5.0553 5.0553 5.0553 5.0553 5.0553 5.0553
testname619.jpg 5.0544 5.0544 5.0544 5.0544 5.0544 5.0544 5.0544 5.0544 5.0544 5.0544 5.0544
testname620.jpg 5.0520 5.0521 5.0521 5.0522 5.0522 5.0523 5.0523 5.0523 5.0524 5.0524 5.0524
testname621.jpg 5.0522 5.0522 5.0523 5.0523 5.0524 5.0524 5.0524 5.0525 5.0525 5.0526 5.0526
testname622.jpg 5.0521 5.0521 5.0522 5.0523 5.0523 5.0524 5.0524 5.0525 5.0525 5.0526 5.0526
testname623.jpg 5.0512 5.0512 5.0513 5.0513 5.0514 5.0515 5.0515 5.0516 5.0516 5.0516 5.0516
testname624.jpg 5.0507 5.0508 5.0509 5.0510 5.0511 5.0511 5.0512 5.0513 5.0514 5.0514 5.0515
testname625.jpg 5.0509 5.0510 5.0510 5.0510 5.0511 5.0511 5.0511 5.0512 5.0512 5.0512 5.0512
testname626.jpg 5.0517 5.0517 5.0517 5.0517 5.0517 5.0517 5.0517 5.0517 5.0517 5.0517 5.0517
testname627.jpg 5.0510 5.0510 5.0510 5.0510 5.0510 5.0510 5.0510 5.0510 5.0510 5.0510 5.0510
testname628.jpg 5.0495 5.0495 5.0496 5.0497 5.0497 5.0498 5.0498 5.0499 5.0499 5.0500 5.0500
testname629.jpg 3.4781 3.4781 3.4781 3.4781 3.4782 3.4782 3.4782 3.4782 3.4783 3.4783 3.4783
testname630.jpg 3.4752 3.4754 3.4756 3.4758 3.4760 3.4761 3.4763 3.4764 3.4765 3.4767 3.4768
testname631.jpg 3.4779 3.4779 3.4779 3.4779 3.4779 3.4779 3.4780 3.4780 3.4780 3.4780 3.4780
testname632.jpg 3.4773 3.4773 3.4773 3.4773 3.4773 3.4773 3.4773 3.4774 3.4774 3.4774 3.4774
testname633.jpg 3.4782 3.4782 3.4782 3.4782 3.4783 3.4783 3.4783 3.4783 3.4783 3.4783 3.4783
testname634.jpg 3.4778 3.4778 3.4778 3.4778 3.4778 3.4778 3.4778 3.4778 3.4778 3.4778 3.4778
testname635.jpg 3.4774 3.4774 3.4775 3.4775 3.4775 3.4775 3.4775 3.4776 3.4776 3.4776 3.4776
testname636.jpg 3.4772 3.4772 3.4772 3.4772 3.4772 3.4772 3.4772 3.4772 3.4772 3.4772 3.4772
testname637.jpg 3.4760 3.4761 3.4761 3.4761 3.4761 3.4762 3.4762 3.4762 3.4762 3.4762 3.4763
testname638.jpg 3.4753 3.4755 3.4756 3.4756 3.4757 3.4757 3.4757 3.4757 3.4758 3.4758 3.4759
testname639.jpg 3.4764 3.4763 3.4763 3.4763 3.4763 3.4763 3.4764 3.4764 3.4764 3.4764 3.4764
testname640.jpg 3.4759 3.4760 3.4760 3.4760 3.4759 3.4759 3.4759 3.4759 3.4758 3.4758 3.4758
testname641.jpg 3.4754 3.4754 3.4755 3.4755 3.4755 3.4755 3.4755 3.4755 3.4755 3.4755 3.4755
testname642.jpg 3.4755 3.4755 3.4754 3.4754 3.4753 3.4753 3.4752 3.4752 3.4751 3.4751 3.4750
testname643.jpg 3.4744 3.4744 3.4745 3.4745 3.4745 3.4746 3.4746 3.4746 3.4747 3.4747 3.4748
testname644.jpg 3.4746 3.4746 3.4747 3.4748 3.4750 3.4751 3.4752 3.4752 3.4752 3.4752 3.4752
testname645.jpg 3.4744 3.4744 3.4744 3.4744 3.4744 3.4744 3.4745 3.4745 3.4745 3.4745 3.4746
testname646.jpg 4.0501 4.0502 4.0503 4.0504 4.0505 4.0506 4.0506 4.0507 4.0508 4.0508 4.0509
testname647.jpg 4.0520 4.0520 4.0520 4.0521 4.0521 4.0521 4.0521 4.0521 4.0521 4.0521 4.0521
testname648.jpg 4.0510 4.0510 4.0509 4.0509 4.0509 4.0508 4.0508 4.0508 4.0508 4.0508 4.0508
testname649.jpg 4.0517 4.0517 4.0517 4.0517 4.0517 4.0518 4.0518 4.0518 4.0518 4.0518 4.0518
testname650.jpg 4.0516 4.0516 4.0516 4.0516 4.0516 4.0516 4.0516 4.0516 4.0516 4.0516 4.0516
testname651.jpg 4.0514 4.0514 4.0514 4.0513 4.0513 4.0513 4.0513 4.0513 4.0513 4.0513 4.0513
testname652.jpg 4.0499 4.0499 4.0499 4.0499 4.0499 4.0499 4.0499 4.0499 4.0499 4.0499 4.0499
testname653.jpg 4.0504 4.0504 4.0504 4.0505 4.0505 4.0505 4.0506 4.0506 4.0506 4.0506 4.0506
testname654.jpg 4.0505 4.0506 4.0506 4.0506 4.0506 4.0506 4.0506 4.0506 4.0506 4.0506 4.0506
testname655.jpg 2.6977 2.6977 2.6977 2.6977 2.6977 2.6977 2.6977 2.6977 2.6977 2.6977 2.6977
testname656.jpg 2.6973 2.6972 2.6972 2.6972 2.6972 2.6972 2.6972 2.6972 2.6972 2.6973 2.6973
testname657.jpg 2.6972 2.6973 2.6973 2.6973 2.6974 2.6974 2.6974 2.6974 2.6974 2.6974 2.6974
testname658.jpg 2.6974 2.6973 2.6973 2.6972 2.6972 2.6972 2.6971 2.6971 2.6971 2.6971 2.6971
testname659.jpg 2.6958 2.6959 2.6959 2.6960 2.6961 2.6961 2.6962 2.6962 2.6963 2.6963 2.6964
testname660.jpg 2.6974 2.6973 2.6972 2.6972 2.6971 2.6970 2.6969 2.6968 2.6967 2.6966 2.6965
testname661.jpg 2.6968 2.6968 2.6968 2.6968 2.6968 2.6968 2.6968 2.6968 2.6968 2.6968 2.6968
testname662.jpg 2.6970 2.6970 2.6970 2.6970 2.6970 2.6970 2.6970 2.6970 2.6970 2.6970 2.6970
testname663.jpg 2.6959 2.6960 2.6961 2.6962 2.6963 2.6963 2.6963 2.6963 2.6963 2.6963 2.6963
testname664.jpg 2.6931 2.6930 2.6929 2.6929 2.6929 2.6930 2.6931 2.6932 2.6933 2.6934 2.6935
testname665.jpg 6.1314 6.1314 6.1315 6.1316 6.1316 6.1317 6.1317 6.1318 6.1319 6.1319 6.1320
testname666.jpg 6.1323 6.1323 6.1324 6.1324 6.1324 6.1325 6.1325 6.1325 6.1326 6.1326 6.1326
testname667.jpg 6.1312 6.1312 6.1312 6.1312 6.1313 6.1313 6.1313 6.1313 6.1313 6.1314 6.1314
testname668.jpg 6.1305 6.1305 6.1305 6.1306 6.1306 6.1306 6.1306 6.1306 6.1306 6.1306 6.1306
testname669.jpg 6.1280 6.1280 6.1281 6.1281 6.1282 6.1282 6.1282 6.1283 6.1283 6.1284 6.1284
testname670.jpg 6.1286 6.1287 6.1288 6.1289 6.1290 6.1291 6.1292 6.1293 6.1293 6.1294 6.1295
testname671.jpg 6.1285 6.1285 6.1285 6.1285 6.1286 6.1286 6.1286 6.1286 6.1287 6.1287 6.1287
testname672.jpg 6.1283 6.1283 6.1283 6.1283 6.1284 6.1284 6.1284 6.1284 6.1284 6.1285 6.1285
testname673.jpg 6.1285 6.1285 6.1285 6.1285 6.1285 6.1285 6.1285 6.1285 6.1285 6.1285 6.1285
testname674.jpg 6.1281 6.1281 6.1281 6.1281 6.1281 6.1281 6.1281 6.1281 6.1281 6.1281 6.1281
testname675.jpg 6.1253 6.1253 6.1253 6.1253 6.1253 6.1253 6.1253 6.1253 6.1253 6.1253 6.1253
testname676.jpg 6.1243 6.1245 6.1246 6.1248 6.1249 6.1249 6.1250 6.1250 6.1251 6.1251 6.1251
testname677.jpg 5.2807 5.2807 5.2807 5.2807 5.2807 5.2807 5.2808 5.2808 5.2808 5.2808 5.2808
testname678.jpg 5.2786 5.2786 5.2786 5.2787 5.2788 5.2789 5.2789 5.2789 5.2789 5.2789 5.2789
testname679.jpg 5.2788 5.2788 5.2788 5.2788 5.2788 5.2788 5.2788 5.2788 5.2788 5.2788 5.2788
testname680.jpg 5.2770 5.2770 5.2771 5.2771 5.2771 5.2771 5.2771 5.2771 5.2771 5.2771 5.2771
testname681.jpg 5.2746 5.2746 5.2746 5.2746 5.2746 5.2746 5.2746 5.2746 5.2746 5.2746 5.2747
testname682.jpg 5.2698 5.2698 5.2698 5.2698 5.2698 5.2698 5.2698 5.2698 5.2698 5.2698 5.2698
testname683.jpg 5.2686 5.2686 5.2686 5.2685 5.2685 5.2685 5.2685 5.2684 5.2684 5.2684 5.2684
testname684.jpg 4.6390 4.6388 4.6387 4.6387 4.6387 4.6388 4.6389 4.6391 4.6393 4.6394 4.6395
testname685.jpg 4.6402 4.6402 4.6404 4.6406 4.6407 4.6408 4.6409 4.6410 4.6410 4.6410 4.6410
testname686.jpg 4.6406 4.6406 4.6407 4.6408 4.6409 4.6409 4.6410 4.6410 4.6410 4.6410 4.6410
testname687.jpg 4.6361 4.6360 4.6360 4.6359 4.6359 4.6358 4.6358 4.6358 4.6358 4.6358 4.6358
testname688.jpg 4.6368 4.6368 4.6368 4.6368 4.6368 4.6368 4.6367 4.6367 4.6366 4.6365 4.6364
testname689.jpg 4.6356 4.6357 4.6358 4.6359 4.6359 4.6359 4.6358 4.6358 4.6358 4.6358 4.6358
testname690.jpg 4.6340 4.6342 4.6343 4.6344 4.6346 4.6347 4.6348 4.6348 4.6349 4.6350 4.6351
testname691.jpg 4.6335 4.6334 4.6334 4.6334 4.6335 4.6336 4.6337 4.6338 4.6339 4.6340 4.6341
testname692.jpg 4.6338 4.6340 4.6341 4.6342 4.6342 4.6343 4.6343 4.6343 4.6343 4.6343 4.6343
testname693.jpg 4.6344 4.6343 4.6342 4.6341 4.6341 4.6341 4.6341 4.6341 4.6341 4.6341 4.6341
testname694.jpg 4.6351 4.6351 4.6351 4.6351 4.6352 4.6352 4.6352 4.6352 4.6352 4.6352 4.6351
testname695.jpg 4.6347 4.6346 4.6345 4.6345 4.6345 4.6344 4.6344 4.6343 4.6342 4.6342 4.6341
testname696.jpg 4.6334 4.6333 4.6331 4.6330 4.6329 4.6328 4.6327 4.6326 4.6326 4.6325 4.6324
testname697.jpg 4.6310 4.6312 4.6314 4.6315 4.6316 4.6317 4.6318 4.6319 4.6320 4.6321 4.6322
testname698.jpg 4.6265 4.6267 4.6269 4.6271 4.6274 4.6276 4.6278 4.6281 4.6285 4.6294 4.6300
testname699.jpg 4.9628 4.9626 4.9625 4.9623 4.9621 4.9620 4.9618 4.9617 4.9615 4.9614 4.9613
testname700.jpg 4.9652 4.9652 4.9652 4.9651 4.9651 4.9651 4.9651 4.9651 4.9651 4.9651 4.9651
testname701.jpg 4.9659 4.9659 4.9659 4.9660 4.9660 4.9661 4.9661 4.9661 4.9662 4.9662 4.9663
testname702.jpg 4.9632 4.9632 4.9632 4.9633 4.9633 4.9634 4.9634 4.9635 4.9635 4.9636 4.9637
testname703.jpg 4.9664 4.9664 4.9665 4.9665 4.9666 4.9666 4.9667 4.9667 4.9668 4.9668 4.9668
testname704.jpg 4.9646 4.9644 4.9642 4.9640 4.9638 4.9637 4.9635 4.9633 4.9632 4.9631 4.9629
testname705.jpg 4.9624 4.9623 4.9622 4.9621 4.9621 4.9620 4.9620 4.9620 4.9619 4.9619 4.9619
testname706.jpg 4.9624 4.9625 4.9626 4.9627 4.9627 4.9628 4.9628 4.9629 4.9630 4.9631 4.9632
testname707.jpg 3.0220 3.0220 3.0221 3.0221 3.0221 3.0221 3.0221 3.0221 3.0221 3.0221 3.0221
testname708.jpg 3.0206 3.0206 3.0206 3.0207 3.0207 3.0208 3.0208 3.0209 3.0210 3.0210 3.0211
testname709.jpg 3.0233 3.0233 3.0233 3.0234 3.0234 3.0234 3.0235 3.0235 3.0235 3.0235 3.0236
testname710.jpg 3.0218 3.0218 3.0214 3.0211 3.0208 3.0207 3.0207 3.0208 3.0209 3.0211 3.0212
testname711.jpg 4.5367 4.5371 4.5374 4.5375 4.5375 4.5373 4.5372 4.5372 4.5371 4.5371 4.5371
testname712.jpg 4.5389 4.5391 4.5393 4.5394 4.5396 4.5398 4.5399 4.5400 4.5402 4.5403 4.5404
testname713.jpg 4.5395 4.5396 4.5397 4.5398 4.5398 4.5398 4.5398 4.5397 4.5397 4.5396 4.5396
testname714.jpg 4.5416 4.5416 4.5417 4.5417 4.5417 4.5417 4.5417 4.5417 4.5417 4.5417 4.5416
testname715.jpg 4.5403 4.5403 4.5404 4.5404 4.5404 4.5405 4.5405 4.5405 4.5406 4.5406 4.5407
testname716.jpg 4.5394 4.5394 4.5394 4.5394 4.5394 4.5394 4.5394 4.5393 4.5393 4.5393 4.5393
testname717.jpg 4.5399 4.5399 4.5400 4.5401 4.5401 4.5402 4.5402 4.5403 4.5403 4.5403 4.5403
testname718.jpg 4.5415 4.5415 4.5416 4.5416 4.5416 4.5416 4.5416 4.5416 4.5416 4.5416 4.5416
testname719.jpg 4.5410 4.5410 4.5409 4.5408 4.5407 4.5406 4.5405 4.5404 4.5403 4.5402 4.5402
testname720.jpg 4.5335 4.5335 4.5335 4.5335 4.5336 4.5337 4.5338 4.5338 4.5339 4.5340 4.5341
testname721.jpg 4.1058 4.1058 4.1058 4.1058 4.1058 4.1058 4.1058 4.1058 4.1059 4.1059 4.1060
testname722.jpg 4.1094 4.1094 4.1094 4.1095 4.1095 4.1095 4.1096 4.1096 4.1096 4.1097 4.1097
testname723.jpg 4.1098 4.1098 4.1098 4.1098 4.1097 4.1097 4.1097 4.1097 4.1097 4.1097 4.1097
testname724.jpg 4.1066 4.1067 4.1067 4.1067 4.1067 4.1067 4.1067 4.1067 4.1067 4.1067 4.1068
testname725.jpg 4.1060 4.1060 4.1060 4.1060 4.1061 4.1061 4.1061 4.1061 4.1062 4.1062 4.1062
testname726.jpg 4.1085 4.1086 4.1086 4.1087 4.1087 4.1087 4.1087 4.1086 4.1086 4.1085 4.1084
testname727.jpg 4.1075 4.1074 4.1074 4.1073 4.1073 4.1072 4.1071 4.1071 4.1070 4.1070 4.1069
testname728.jpg 4.1082 4.1082 4.1082 4.1083 4.1083 4.1083 4.1084 4.1084 4.1084 4.1084 4.1084
testname729.jpg 4.1061 4.1063 4.1064 4.1065 4.1066 4.1067 4.1067 4.1068 4.1068 4.1068 4.1068
testname730.jpg 5.8164 5.8164 5.8163 5.8162 5.8162 5.8161 5.8160 5.8160 5.8159 5.8159 5.8158
testname731.jpg 5.8120 5.8118 5.8116 5.8114 5.8112 5.8112 5.8111 5.8111 5.8112 5.8113 5.8114
testname732.jpg 5.8155 5.8159 5.8161 5.8162 5.8163 5.8164 5.8164 5.8165 5.8165 5.8165 5.8165
testname733.jpg 5.8167 5.8166 5.8165 5.8165 5.8164 5.8164 5.8164 5.8164 5.8164 5.8164 5.8165
testname734.jpg 5.8154 5.8153 5.8153 5.8152 5.8151 5.8151 5.8150 5.8150 5.8150 5.8150 5.8151
testname735.jpg 5.8186 5.8186 5.8187 5.8187 5.8188 5.8188 5.8188 5.8189 5.8189 5.8189 5.8189
testname736.jpg 5.8178 5.8178 5.8178 5.8178 5.8179 5.8179 5.8179 5.8179 5.8179 5.8178 5.8178
testname737.jpg 5.8182 5.8182 5.8182 5.8181 5.8181 5.8181 5.8181 5.8181 5.8181 5.8180 5.8180
testname738.jpg 5.8173 5.8172 5.8170 5.8170 5.8169 5.8169 5.8169 5.8169 5.8169 5.8169 5.8169
testname739.jpg 5.3805 5.3807 5.3810 5.3812 5.3815 5.3817 5.3819 5.3822 5.3824 5.3825 5.3827
testname740.jpg 5.3814 5.3814 5.3814 5.3814 5.3815 5.3816 5.3816 5.3817 5.3818 5.3818 5.3819
testname741.jpg 5.3830 5.3830 5.3830 5.3829 5.3828 5.3828 5.3828 5.3827 5.3827 5.3827 5.3827
testname742.jpg 5.3818 5.3819 5.3819 5.3820 5.3821 5.3822 5.3824 5.3826 5.3827 5.3829 5.3831
testname743.jpg 5.3854 5.3853 5.3853 5.3852 5.3852 5.3851 5.3851 5.3850 5.3849 5.3849 5.3848
testname744.jpg 5.3821 5.3823 5.3825 5.3826 5.3828 5.3829 5.3831 5.3832 5.3833 5.3833 5.3834
testname745.jpg 5.3800 5.3800 5.3802 5.3803 5.3805 5.3806 5.3808 5.3810 5.3812 5.3813 5.3815
testname746.jpg 5.3784 5.3786 5.3787 5.3790 5.3792 5.3795 5.3798 5.3800 5.3802 5.3804 5.3806
testname747.jpg 5.3790 5.3791 5.3793 5.3796 5.3798 5.3801 5.3803 5.3806 5.3809 5.3811 5.3814
testname748.jpg 4.4284 4.4284 4.4285 4.4285 4.4286 4.4286 4.4286 4.4287 4.4287 4.4287 4.4287
testname749.jpg 4.4273 4.4273 4.4273 4.4274 4.4274 4.4275 4.4275 4.4276 4.4276 4.4276 4.4277
testname750.jpg 4.4269 4.4270 4.4270 4.4270 4.4270 4.4270 4.4270 4.4269 4.4269 4.4268 4.4268
testname751.jpg 4.4255 4.4256 4.4256 4.4257 4.4258 4.4258 4.4259 4.4260 4.4260 4.4261 4.4262
testname752.jpg 4.4259 4.4260 4.4260 4.4261 4.4262 4.4263 4.4264 4.4264 4.4265 4.4266 4.4266
testname753.jpg 4.4263 4.4262 4.4262 4.4262 4.4261 4.4261 4.4261 4.4260 4.4260 4.4259 4.4259
testname754.jpg 4.4249 4.4249 4.4250 4.4250 4.4251 4.4252 4.4252 4.4253 4.4253 4.4254 4.4255
testname755.jpg 4.4270 4.4270 4.4269 4.4269 4.4269 4.4269 4.4269 4.4269 4.4269 4.4268 4.4268
testname756.jpg 4.4268 4.4267 4.4267 4.4267 4.4267 4.4267 4.4267 4.4268 4.4268 4.4269 4.4270
testname757.jpg 3.6083 3.6083 3.6085 3.6088 3.6090 3.6093 3.6096 3.6098 3.6101 3.6104 3.6107
testname758.jpg 3.6138 3.6137 3.6137 3.6137 3.6137 3.6138 3.6138 3.6138 3.6138 3.6139 3.6139
testname759.jpg 3.6098 3.6098 3.6099 3.6100 3.6102 3.6104 3.6106 3.6109 3.6111 3.6113 3.6114
testname760.jpg 3.6106 3.6107 3.6107 3.6108 3.6109 3.6110 3.6111 3.6111 3.6112 3.6113 3.6114
testname761.jpg 3.6107 3.6107 3.6107 3.6107 3.6108 3.6109 3.6110 3.6111 3.6112 3.6112 3.6113
testname762.jpg 3.6133 3.6134 3.6134 3.6134 3.6134 3.6134 3.6135 3.6135 3.6135 3.6135 3.6135
testname763.jpg 3.6123 3.6124 3.6124 3.6124 3.6124 3.6125 3.6125 3.6126 3.6126 3.6126 3.6127
testname764.jpg 3.6141 3.6141 3.6141 3.6141 3.6141 3.6142 3.6142 3.6142 3.6142 3.6142 3.6142
testname765.jpg 3.6724 3.6724 3.6724 3.6724 3.6724 3.6724 3.6724 3.6724 3.6724 3.6724 3.6724
testname766.jpg 3.6690 3.6692 3.6695 3.6699 3.6703 3.6708 3.6711 3.6714 3.6717 3.6718 3.6720
testname767.jpg 3.6700 3.6700 3.6700 3.6700 3.6700 3.6700 3.6700 3.6700 3.6700 3.6700 3.6701
testname768.jpg 3.6709 3.6710 3.6711 3.6712 3.6713 3.6714 3.6714 3.6714 3.6714 3.6714 3.6714
testname769.jpg 3.6708 3.6707 3.6706 3.6705 3.6705 3.6704 3.6703 3.6703 3.6703 3.6702 3.6702
testname770.jpg 3.6717 3.6718 3.6718 3.6719 3.6719 3.6719 3.6719 3.6719 3.6719 3.6719 3.6718
testname771.jpg 3.6656 3.6660 3.6663 3.6665 3.6667 3.6668 3.6670 3.6672 3.6674 3.6677 3.6680
testname772.jpg 3.6714 3.6713 3.6712 3.6712 3.6711 3.6710 3.6710 3.6709 3.6709 3.6708 3.6708
testname773.jpg 3.6695 3.6694 3.6694 3.6694 3.6694 3.6694 3.6694 3.6694 3.6695 3.6695 3.6695
testname774.jpg 3.6706 3.6707 3.6707 3.6707 3.6706 3.6705 3.6705 3.6704 3.6704 3.6705 3.6705